&StatCorr


   Name1 = 'ATLAS 7 TeV Dijet data y_10_15 R=0.4'
   Name2 = 'ATLAS 7 TeV Dijet data y_10_15 R=0.4'

   NIdColumns1 = 2
   NIdColumns2 = 2

   IdColumns1 = 'pt1', 'pt2'
   IdColumns2 = 'pt1', 'pt2'

   NBins1 = 19
   NBins2 = 19

   MatrixFormatIsTable = true

   MatrixType = 'Statistical correlations'


&End 

   0   0         510        590        670        760        850        950       1060       1180       1310       1450       1600       1760       1940       2120       2330       2550       2780       3040       3310  
   0   0         590        670        760        850        950       1060       1180       1310       1450       1600       1760       1940       2120       2330       2550       2780       3040       3310       4640  
  510   590   1.000000   0.035212  -0.067700  -0.007934  -0.012699   0.038666  -0.020077  -0.033840   0.032613  -0.027357  -0.004579   0.021703  -0.019498  -0.005564  -0.067384  -0.041237  -0.079446  -0.024124  -0.055196 
  590   670   0.035212   1.000000   0.032275  -0.107867  -0.016846  -0.013083   0.015922   0.056397  -0.025587  -0.047298   0.032190  -0.015920   0.033543  -0.030101   0.008475  -0.016461   0.023015  -0.024920   0.003187 
  670   760  -0.067700   0.032275   1.000000   0.014086  -0.103952  -0.036005   0.010076  -0.014901  -0.019843   0.019208   0.061415  -0.039150  -0.080061  -0.007547   0.013583   0.021308  -0.035095  -0.024011   0.031798 
  760   850  -0.007934  -0.107867   0.014086   1.000000  -0.001968  -0.112144  -0.033421   0.009598  -0.030022   0.009976   0.000479  -0.006637   0.007527   0.022174   0.002125  -0.007119  -0.011232   0.026805  -0.005666 
  850   950  -0.012699  -0.016846  -0.103952  -0.001968   1.000000   0.005410  -0.085418  -0.027896   0.037116  -0.038449  -0.070982   0.032339   0.017742  -0.034635  -0.050664  -0.080557  -0.020000  -0.039748   0.001931 
  950  1060   0.038666  -0.013083  -0.036005  -0.112144   0.005410   1.000000   0.006908  -0.114282   0.039407   0.012375  -0.033569   0.044403   0.021102  -0.025519  -0.002070  -0.052744  -0.007339  -0.010301  -0.006104 
 1060  1180  -0.020077   0.015922   0.010076  -0.033421  -0.085418   0.006908   1.000000  -0.012155  -0.112757   0.005124   0.006910   0.034808  -0.023821   0.012139  -0.009897   0.000329  -0.078623  -0.037043  -0.018976 
 1180  1310  -0.033840   0.056397  -0.014901   0.009598  -0.027896  -0.114282  -0.012155   1.000000  -0.011893  -0.090850   0.022614  -0.061355   0.021305  -0.006088   0.059878   0.007529   0.015045  -0.003942   0.000531 
 1310  1450   0.032613  -0.025587  -0.019843  -0.030022   0.037116   0.039407  -0.112757  -0.011893   1.000000  -0.016446  -0.121244   0.013844  -0.020513   0.024008   0.018614  -0.013005  -0.033294   0.004528   0.033423 
 1450  1600  -0.027357  -0.047298   0.019208   0.009976  -0.038449   0.012375   0.005124  -0.090850  -0.016446   1.000000   0.041448  -0.022718   0.023034  -0.028942  -0.002570  -0.030032  -0.001195   0.023898  -0.002956 
 1600  1760  -0.004579   0.032190   0.061415   0.000479  -0.070982  -0.033569   0.006910   0.022614  -0.121244   0.041448   1.000000   0.006901  -0.023303  -0.022812   0.024832   0.017862   0.007339   0.021475  -0.022717 
 1760  1940   0.021703  -0.015920  -0.039150  -0.006637   0.032339   0.044403   0.034808  -0.061355   0.013844  -0.022718   0.006901   1.000000   0.067168  -0.095372  -0.035717  -0.040335   0.007433   0.019193   0.071194 
 1940  2120  -0.019498   0.033543  -0.080061   0.007527   0.017742   0.021102  -0.023821   0.021305  -0.020513   0.023034  -0.023303   0.067168   1.000000   0.087242  -0.039347  -0.026511   0.039535   0.041961   0.030520 
 2120  2330  -0.005564  -0.030101  -0.007547   0.022174  -0.034635  -0.025519   0.012139  -0.006088   0.024008  -0.028942  -0.022812  -0.095372   0.087242   1.000000   0.058937  -0.131482  -0.039438   0.036821   0.046289 
 2330  2550  -0.067384   0.008475   0.013583   0.002125  -0.050664  -0.002070  -0.009897   0.059878   0.018614  -0.002570   0.024832  -0.035717  -0.039347   0.058937   1.000000   0.147084  -0.004537   0.036970   0.025546 
 2550  2780  -0.041237  -0.016461   0.021308  -0.007119  -0.080557  -0.052744   0.000329   0.007529  -0.013005  -0.030032   0.017862  -0.040335  -0.026511  -0.131482   0.147084   1.000000   0.121906  -0.017090  -0.026748 
 2780  3040  -0.079446   0.023015  -0.035095  -0.011232  -0.020000  -0.007339  -0.078623   0.015045  -0.033294  -0.001195   0.007339   0.007433   0.039535  -0.039438  -0.004537   0.121906   1.000000   0.097931  -0.040093 
 3040  3310  -0.024124  -0.024920  -0.024011   0.026805  -0.039748  -0.010301  -0.037043  -0.003942   0.004528   0.023898   0.021475   0.019193   0.041961   0.036821   0.036970  -0.017090   0.097931   1.000000   0.073341 
 3310  4640  -0.055196   0.003187   0.031798  -0.005666   0.001931  -0.006104  -0.018976   0.000531   0.033423  -0.002956  -0.022717   0.071194   0.030520   0.046289   0.025546  -0.026748  -0.040093   0.073341   1.000000 

