&StatCorr


   Name1 = 'ATLAS 7 TeV Trijet data y_2_4 R=0.6'
   Name2 = 'ATLAS 7 TeV Trijet data y_2_4 R=0.6'

   NIdColumns1 = 2
   NIdColumns2 = 2

   IdColumns1 = 'pt1', 'pt2'
   IdColumns2 = 'pt1', 'pt2'

   NBins1 = 26
   NBins2 = 26

   MatrixFormatIsTable = true

   MatrixType = 'Statistical correlations'


&End 

   0   0         380        420        460        500        540        600        660        720        780        860        940       1020       1120       1220       1340       1460       1600       1740       1900       2080       2260       2480       2720       2980       3260       3580  
   0   0         420        460        500        540        600        660        720        780        860        940       1020       1120       1220       1340       1460       1600       1740       1900       2080       2260       2480       2720       2980       3260       3580       4200  
  380   420   1.000000   0.305742  -0.131443  -0.148476   0.006063   0.000572   0.001882   0.052477   0.060219  -0.022089  -0.017053   0.002257   0.067981   0.037736  -0.018460   0.057021  -0.005058   0.018884  -0.007890  -0.000672   0.025382   0.013337  -0.027392  -0.005415   0.039750   0.026870 
  420   460   0.305742   1.000000   0.400908  -0.092702  -0.085644  -0.023676   0.044010   0.073073   0.018110  -0.006501  -0.010545   0.007409   0.058399  -0.036766  -0.017133  -0.006561  -0.001753   0.016454   0.014324  -0.011920   0.054190  -0.053287  -0.005302  -0.015307  -0.031047   0.019944 
  460   500  -0.131443   0.400908   1.000000   0.387281  -0.069100  -0.087875  -0.007840   0.045499   0.025934   0.033448   0.034693  -0.029874  -0.010193  -0.064182  -0.028465  -0.067867   0.031794   0.019943  -0.004235  -0.030867   0.030458  -0.011250   0.017285  -0.015016  -0.073857   0.026106 
  500   540  -0.148476  -0.092702   0.387281   1.000000   0.328334  -0.104402  -0.073968  -0.053813  -0.023688   0.024471  -0.002527  -0.046979  -0.030166  -0.057178  -0.042465  -0.002877   0.016011  -0.041419   0.000732   0.003924  -0.021997  -0.008517   0.014086  -0.016705   0.010444   0.028094 
  540   600   0.006063  -0.085644  -0.069100   0.328334   1.000000   0.274599  -0.097800  -0.076812  -0.059456  -0.001943   0.025886   0.061180  -0.005261  -0.025979  -0.051657   0.034755  -0.006251  -0.002938  -0.008215   0.047620   0.024499   0.028377  -0.001055  -0.028440  -0.001504  -0.000296 
  600   660   0.000572  -0.023676  -0.087875  -0.104402   0.274599   1.000000   0.294768  -0.092855  -0.078378  -0.049652   0.046915   0.029439  -0.006108  -0.037154   0.019704  -0.022863  -0.027419   0.021487   0.032355   0.014298  -0.016107   0.023141  -0.006520  -0.000421  -0.017865  -0.055241 
  660   720   0.001882   0.044010  -0.007840  -0.073968  -0.097800   0.294768   1.000000   0.424918  -0.071420  -0.046498   0.004562   0.000217   0.032752  -0.012777   0.067803   0.012930   0.016132   0.039585   0.015324   0.042260  -0.018507   0.006934  -0.030226   0.021076  -0.011525  -0.009178 
  720   780   0.052477   0.073073   0.045499  -0.053813  -0.076812  -0.092855   0.424918   1.000000   0.314696  -0.065926  -0.050898  -0.010327   0.031009  -0.012228   0.009344  -0.030065  -0.030273   0.069310   0.051621  -0.019790   0.043261   0.007503  -0.004455   0.001027  -0.017070   0.044824 
  780   860   0.060219   0.018110   0.025934  -0.023688  -0.059456  -0.078378  -0.071420   0.314696   1.000000   0.237966  -0.082191  -0.005999   0.067188   0.017105  -0.011861  -0.072728  -0.058838   0.057263  -0.044019  -0.030639   0.005494  -0.058480   0.021238   0.019787  -0.001117  -0.021704 
  860   940  -0.022089  -0.006501   0.033448   0.024471  -0.001943  -0.049652  -0.046498  -0.065926   0.237966   1.000000   0.349715  -0.145672   0.002752  -0.020963  -0.007405  -0.006466  -0.007345  -0.004328  -0.030207   0.072279   0.020400   0.013247   0.050959  -0.001645  -0.030339  -0.050904 
  940  1020  -0.017053  -0.010545   0.034693  -0.002527   0.025886   0.046915   0.004562  -0.050898  -0.082191   0.349715   1.000000   0.153938  -0.082523  -0.044383   0.054782   0.071687  -0.001476  -0.034461  -0.028630   0.048664   0.018296   0.011410   0.016599   0.026979   0.014077   0.034067 
 1020  1120   0.002257   0.007409  -0.029874  -0.046979   0.061180   0.029439   0.000217  -0.010327  -0.005999  -0.145672   0.153938   1.000000   0.195981  -0.055509   0.021564  -0.006756  -0.008277   0.018173  -0.010654   0.010100  -0.025429   0.005838  -0.024773   0.038805   0.006426   0.015975 
 1120  1220   0.067981   0.058399  -0.010193  -0.030166  -0.005261  -0.006108   0.032752   0.031009   0.067188   0.002752  -0.082523   0.195981   1.000000   0.332594  -0.093139  -0.078700  -0.056060  -0.031096  -0.004551   0.055392  -0.009082  -0.002694  -0.061183  -0.008144  -0.005747  -0.001722 
 1220  1340   0.037736  -0.036766  -0.064182  -0.057178  -0.025979  -0.037154  -0.012777  -0.012228   0.017105  -0.020963  -0.044383  -0.055509   0.332594   1.000000   0.064200  -0.141191  -0.054736  -0.041132  -0.036234   0.016180   0.004720  -0.009180   0.058288   0.001840  -0.006176   0.000149 
 1340  1460  -0.018460  -0.017133  -0.028465  -0.042465  -0.051657   0.019704   0.067803   0.009344  -0.011861  -0.007405   0.054782   0.021564  -0.093139   0.064200   1.000000   0.108734  -0.068225  -0.061982  -0.027990  -0.020697  -0.058172   0.047381   0.091172   0.004409  -0.015311   0.000048 
 1460  1600   0.057021  -0.006561  -0.067867  -0.002877   0.034755  -0.022863   0.012930  -0.030065  -0.072728  -0.006466   0.071687  -0.006756  -0.078700  -0.141191   0.108734   1.000000   0.128683  -0.071541  -0.036825  -0.031280   0.016171   0.008127  -0.015046   0.007681   0.075356   0.018616 
 1600  1740  -0.005058  -0.001753   0.031794   0.016011  -0.006251  -0.027419   0.016132  -0.030273  -0.058838  -0.007345  -0.001476  -0.008277  -0.056060  -0.054736  -0.068225   0.128683   1.000000   0.132802  -0.094961   0.046689  -0.012659  -0.001600   0.082060  -0.028008   0.009103  -0.000138 
 1740  1900   0.018884   0.016454   0.019943  -0.041419  -0.002938   0.021487   0.039585   0.069310   0.057263  -0.004328  -0.034461   0.018173  -0.031096  -0.041132  -0.061982  -0.071541   0.132802   1.000000   0.109283  -0.042324   0.019844  -0.014542  -0.019467  -0.039675  -0.008226   0.006729 
 1900  2080  -0.007890   0.014324  -0.004235   0.000732  -0.008215   0.032355   0.015324   0.051621  -0.044019  -0.030207  -0.028630  -0.010654  -0.004551  -0.036234  -0.027990  -0.036825  -0.094961   0.109283   1.000000   0.089765  -0.074390  -0.019651  -0.008872  -0.005890  -0.052468  -0.004533 
 2080  2260  -0.000672  -0.011920  -0.030867   0.003924   0.047620   0.014298   0.042260  -0.019790  -0.030639   0.072279   0.048664   0.010100   0.055392   0.016180  -0.020697  -0.031280   0.046689  -0.042324   0.089765   1.000000   0.057117  -0.092630   0.013651   0.013294  -0.006109   0.020327 
 2260  2480   0.025382   0.054190   0.030458  -0.021997   0.024499  -0.016107  -0.018507   0.043261   0.005494   0.020400   0.018296  -0.025429  -0.009082   0.004720  -0.058172   0.016171  -0.012659   0.019844  -0.074390   0.057117   1.000000   0.023247  -0.043522  -0.017482  -0.072381   0.031763 
 2480  2720   0.013337  -0.053287  -0.011250  -0.008517   0.028377   0.023141   0.006934   0.007503  -0.058480   0.013247   0.011410   0.005838  -0.002694  -0.009180   0.047381   0.008127  -0.001600  -0.014542  -0.019651  -0.092630   0.023247   1.000000   0.099634  -0.083879  -0.050715  -0.039708 
 2720  2980  -0.027392  -0.005302   0.017285   0.014086  -0.001055  -0.006520  -0.030226  -0.004455   0.021238   0.050959   0.016599  -0.024773  -0.061183   0.058288   0.091172  -0.015046   0.082060  -0.019467  -0.008872   0.013651  -0.043522   0.099634   1.000000   0.154320  -0.064069   0.012374 
 2980  3260  -0.005415  -0.015307  -0.015016  -0.016705  -0.028440  -0.000421   0.021076   0.001027   0.019787  -0.001645   0.026979   0.038805  -0.008144   0.001840   0.004409   0.007681  -0.028008  -0.039675  -0.005890   0.013294  -0.017482  -0.083879   0.154320   1.000000   0.129699  -0.063060 
 3260  3580   0.039750  -0.031047  -0.073857   0.010444  -0.001504  -0.017865  -0.011525  -0.017070  -0.001117  -0.030339   0.014077   0.006426  -0.005747  -0.006176  -0.015311   0.075356   0.009103  -0.008226  -0.052468  -0.006109  -0.072381  -0.050715  -0.064069   0.129699   1.000000   0.109681 
 3580  4200   0.026870   0.019944   0.026106   0.028094  -0.000296  -0.055241  -0.009178   0.044824  -0.021704  -0.050904   0.034067   0.015975  -0.001722   0.000149   0.000048   0.018616  -0.000138   0.006729  -0.004533   0.020327   0.031763  -0.039708   0.012374  -0.063060   0.109681   1.000000 

