&StatCorr


   Name1 = 'ATLAS 7 TeV Dijet data y_15_20 R=0.6'
   Name2 = 'ATLAS 7 TeV Dijet data y_15_20 R=0.6'

   NIdColumns1 = 2
   NIdColumns2 = 2

   IdColumns1 = 'pt1', 'pt2'
   IdColumns2 = 'pt1', 'pt2'

   NBins1 = 17
   NBins2 = 17

   MatrixFormatIsTable = true

   MatrixType = 'Statistical correlations'


&End 

   0   0         760        850        950       1060       1180       1310       1450       1600       1760       1940       2120       2330       2550       2780       3040       3310       3610  
   0   0         850        950       1060       1180       1310       1450       1600       1760       1940       2120       2330       2550       2780       3040       3310       3610       4640  
  760   850   1.000000   0.314635  -0.029629  -0.038245  -0.077911  -0.014083   0.017475   0.023965  -0.046641  -0.011952  -0.087799  -0.036311  -0.011639   0.027867   0.038067  -0.010693   0.013849 
  850   950   0.314635   1.000000   0.186588  -0.127338  -0.062416  -0.046766   0.025663  -0.007149  -0.009720   0.013284  -0.032731  -0.021237   0.024844  -0.021046   0.035645   0.005111  -0.019748 
  950  1060  -0.029629   0.186588   1.000000   0.213916  -0.096098   0.010014   0.003237   0.017180  -0.008825  -0.028401  -0.047471  -0.013427   0.067866  -0.007165   0.015694   0.044328  -0.013483 
 1060  1180  -0.038245  -0.127338   0.213916   1.000000   0.200925  -0.106742   0.014966  -0.008265   0.061889   0.029775  -0.022175   0.021058   0.024682   0.017873   0.025084   0.006737  -0.001131 
 1180  1310  -0.077911  -0.062416  -0.096098   0.200925   1.000000   0.137579  -0.099995  -0.011084   0.048982   0.001877  -0.013248   0.000849  -0.019548  -0.019990  -0.013789   0.012088   0.071719 
 1310  1450  -0.014083  -0.046766   0.010014  -0.106742   0.137579   1.000000   0.175546  -0.124585  -0.077214  -0.054654   0.019916  -0.007154   0.010331   0.002005   0.008990  -0.010321   0.000326 
 1450  1600   0.017475   0.025663   0.003237   0.014966  -0.099995   0.175546   1.000000   0.173049  -0.105044  -0.049309  -0.037536  -0.001490  -0.027096  -0.011483   0.005882  -0.055216  -0.034092 
 1600  1760   0.023965  -0.007149   0.017180  -0.008265  -0.011084  -0.124585   0.173049   1.000000   0.133028  -0.082539  -0.054743  -0.037967  -0.024287  -0.042889  -0.037917  -0.052359   0.001223 
 1760  1940  -0.046641  -0.009720  -0.008825   0.061889   0.048982  -0.077214  -0.105044   0.133028   1.000000   0.172927  -0.078325  -0.005937  -0.004023  -0.038028   0.027818   0.024677   0.020971 
 1940  2120  -0.011952   0.013284  -0.028401   0.029775   0.001877  -0.054654  -0.049309  -0.082539   0.172927   1.000000   0.122235  -0.053782   0.024962   0.031387   0.070080   0.036147   0.004899 
 2120  2330  -0.087799  -0.032731  -0.047471  -0.022175  -0.013248   0.019916  -0.037536  -0.054743  -0.078325   0.122235   1.000000   0.108628  -0.072492  -0.046608   0.011036   0.059978   0.066890 
 2330  2550  -0.036311  -0.021237  -0.013427   0.021058   0.000849  -0.007154  -0.001490  -0.037967  -0.005937  -0.053782   0.108628   1.000000   0.082614  -0.076712   0.004865  -0.010874   0.030901 
 2550  2780  -0.011639   0.024844   0.067866   0.024682  -0.019548   0.010331  -0.027096  -0.024287  -0.004023   0.024962  -0.072492   0.082614   1.000000   0.105085  -0.079173  -0.051768  -0.004599 
 2780  3040   0.027867  -0.021046  -0.007165   0.017873  -0.019990   0.002005  -0.011483  -0.042889  -0.038028   0.031387  -0.046608  -0.076712   0.105085   1.000000   0.104029  -0.069348   0.004322 
 3040  3310   0.038067   0.035645   0.015694   0.025084  -0.013789   0.008990   0.005882  -0.037917   0.027818   0.070080   0.011036   0.004865  -0.079173   0.104029   1.000000   0.063731  -0.007418 
 3310  3610  -0.010693   0.005111   0.044328   0.006737   0.012088  -0.010321  -0.055216  -0.052359   0.024677   0.036147   0.059978  -0.010874  -0.051768  -0.069348   0.063731   1.000000   0.013187 
 3610  4640   0.013849  -0.019748  -0.013483  -0.001131   0.071719   0.000326  -0.034092   0.001223   0.020971   0.004899   0.066890   0.030901  -0.004599   0.004322  -0.007418   0.013187   1.000000 

