&StatCorr


   Name1 = 'ATLAS 7 TeV Trijet data y_8_10 R=0.6'
   Name2 = 'ATLAS 7 TeV Trijet data y_8_10 R=0.6'

   NIdColumns1 = 2
   NIdColumns2 = 2

   IdColumns1 = 'pt1', 'pt2'
   IdColumns2 = 'pt1', 'pt2'

   NBins1 = 13
   NBins2 = 13

   MatrixFormatIsTable = true

   MatrixType = 'Statistical correlations'


&End 

   0   0        1060       1180       1300       1440       1580       1740       1920       2120       2320       2720       3140       3580       4180  
   0   0        1180       1300       1440       1580       1740       1920       2120       2320       2720       3140       3580       4180       5500  
 1060  1180   1.000000   0.293944  -0.204319  -0.014512   0.012856   0.035832   0.025860  -0.002281  -0.006300   0.001021  -0.087472   0.030826   0.055326 
 1180  1300   0.293944   1.000000   0.148596  -0.063274  -0.035543  -0.016284  -0.017318   0.020888   0.032389   0.001234   0.046646  -0.008327   0.041513 
 1300  1440  -0.204319   0.148596   1.000000   0.267852  -0.031002  -0.110651  -0.018601   0.027622  -0.004483  -0.031590   0.018945  -0.012785  -0.038271 
 1440  1580  -0.014512  -0.063274   0.267852   1.000000   0.216630  -0.123689  -0.078109  -0.044040  -0.034185  -0.027682  -0.035400  -0.017933  -0.043160 
 1580  1740   0.012856  -0.035543  -0.031002   0.216630   1.000000   0.183915  -0.097452  -0.058325   0.007314  -0.041683  -0.038661  -0.025309  -0.004939 
 1740  1920   0.035832  -0.016284  -0.110651  -0.123689   0.183915   1.000000   0.188451  -0.081946   0.015096   0.028378  -0.012195  -0.024735   0.022635 
 1920  2120   0.025860  -0.017318  -0.018601  -0.078109  -0.097452   0.188451   1.000000   0.297594  -0.074368  -0.006766   0.001033   0.013264  -0.002113 
 2120  2320  -0.002281   0.020888   0.027622  -0.044040  -0.058325  -0.081946   0.297594   1.000000   0.120452  -0.077761   0.004852  -0.025185  -0.020986 
 2320  2720  -0.006300   0.032389  -0.004483  -0.034185   0.007314   0.015096  -0.074368   0.120452   1.000000   0.081870  -0.050840  -0.048793   0.045786 
 2720  3140   0.001021   0.001234  -0.031590  -0.027682  -0.041683   0.028378  -0.006766  -0.077761   0.081870   1.000000   0.106009  -0.060378  -0.043093 
 3140  3580  -0.087472   0.046646   0.018945  -0.035400  -0.038661  -0.012195   0.001033   0.004852  -0.050840   0.106009   1.000000  -0.011318  -0.066966 
 3580  4180   0.030826  -0.008327  -0.012785  -0.017933  -0.025309  -0.024735   0.013264  -0.025185  -0.048793  -0.060378  -0.011318   1.000000   0.012846 
 4180  5500   0.055326   0.041513  -0.038271  -0.043160  -0.004939   0.022635  -0.002113  -0.020986   0.045786  -0.043093  -0.066966   0.012846   1.000000 

