&StatCorr


   Name1 = 'ATLAS 7 TeV Trijet data y_6_8 R=0.4'
   Name2 = 'ATLAS 7 TeV Trijet data y_6_8 R=0.4'

   NIdColumns1 = 2
   NIdColumns2 = 2

   IdColumns1 = 'pt1', 'pt2'
   IdColumns2 = 'pt1', 'pt2'

   NBins1 = 21
   NBins2 = 21

   MatrixFormatIsTable = true

   MatrixType = 'Statistical correlations'


&End 

   0   0         680        760        840        940       1040       1140       1260       1380       1520       1660       1800       1940       2100       2260       2420       2580       2760       2940       3120       3440       3900  
   0   0         760        840        940       1040       1140       1260       1380       1520       1660       1800       1940       2100       2260       2420       2580       2760       2940       3120       3440       3900       4660  
  680   760   1.000000   0.128373  -0.109442  -0.077226   0.030261   0.012976  -0.035361  -0.016900   0.045133   0.011216   0.025205   0.009096   0.005894  -0.006915  -0.024510   0.011921   0.074319   0.039547  -0.019292   0.121054   0.002771 
  760   840   0.128373   1.000000   0.157554  -0.113913  -0.009596   0.105446   0.018611  -0.009598   0.033000  -0.028776  -0.009854  -0.018309  -0.001122  -0.034208  -0.045306   0.006573   0.042217   0.012703  -0.005324   0.066382   0.007232 
  840   940  -0.109442   0.157554   1.000000   0.188381  -0.170699  -0.025657   0.017438   0.032151   0.048345   0.046127   0.024928   0.036376  -0.028183  -0.045200   0.029676   0.017480  -0.056918   0.005374  -0.038479   0.038901   0.007311 
  940  1040  -0.077226  -0.113913   0.188381   1.000000   0.089711  -0.119599  -0.006484   0.042643  -0.001710  -0.000675  -0.036474  -0.008619   0.029073   0.053421   0.025235  -0.051522   0.009570   0.039317   0.038376  -0.043802   0.046205 
 1040  1140   0.030261  -0.009596  -0.170699   0.089711   1.000000   0.065246  -0.103227  -0.011149   0.015046   0.008418   0.003638  -0.018029   0.041342   0.043439  -0.059367  -0.009351   0.045979   0.014918   0.008782  -0.025138   0.028799 
 1140  1260   0.012976   0.105446  -0.025657  -0.119599   0.065246   1.000000   0.141142  -0.125415  -0.060975  -0.052988   0.039245   0.029592   0.039173   0.035946  -0.026758   0.020506   0.009335   0.019519  -0.013616   0.005662  -0.009856 
 1260  1380  -0.035361   0.018611   0.017438  -0.006484  -0.103227   0.141142   1.000000   0.166276  -0.096007  -0.066315  -0.015350   0.012554  -0.015863  -0.033263  -0.022944   0.010445  -0.083612  -0.010431  -0.005390   0.000919  -0.007283 
 1380  1520  -0.016900  -0.009598   0.032151   0.042643  -0.011149  -0.125415   0.166276   1.000000   0.181292  -0.094486  -0.035283  -0.004160   0.019318  -0.032690  -0.038289   0.065955   0.018224   0.015998  -0.049090  -0.000688   0.023269 
 1520  1660   0.045133   0.033000   0.048345  -0.001710   0.015046  -0.060975  -0.096007   0.181292   1.000000   0.398868  -0.201890  -0.008425   0.071242   0.011163  -0.037791   0.001520  -0.001738  -0.003908  -0.052815  -0.004869   0.003200 
 1660  1800   0.011216  -0.028776   0.046127  -0.000675   0.008418  -0.052988  -0.066315  -0.094486   0.398868   1.000000   0.040265  -0.101025  -0.017274  -0.011383  -0.020707  -0.005109   0.016178   0.029541  -0.024157  -0.002070  -0.031135 
 1800  1940   0.025205  -0.009854   0.024928  -0.036474   0.003638   0.039245  -0.015350  -0.035283  -0.201890   0.040265   1.000000   0.178842  -0.107761   0.007201   0.042988  -0.012007   0.010023   0.000327  -0.019649   0.008621   0.024390 
 1940  2100   0.009096  -0.018309   0.036376  -0.008619  -0.018029   0.029592   0.012554  -0.004160  -0.008425  -0.101025   0.178842   1.000000   0.213528  -0.048905  -0.061519  -0.025030   0.017322   0.000809   0.066364   0.081880  -0.011035 
 2100  2260   0.005894  -0.001122  -0.028183   0.029073   0.041342   0.039173  -0.015863   0.019318   0.071242  -0.017274  -0.107761   0.213528   1.000000   0.362980  -0.113922  -0.071597   0.000103   0.018258   0.001129   0.041433  -0.043106 
 2260  2420  -0.006915  -0.034208  -0.045200   0.053421   0.043439   0.035946  -0.033263  -0.032690   0.011163  -0.011383   0.007201  -0.048905   0.362980   1.000000   0.069099  -0.109114  -0.037482   0.015080   0.036395  -0.024705  -0.029304 
 2420  2580  -0.024510  -0.045306   0.029676   0.025235  -0.059367  -0.026758  -0.022944  -0.038289  -0.037791  -0.020707   0.042988  -0.061519  -0.113922   0.069099   1.000000   0.205239  -0.143832  -0.061697   0.019317   0.056386  -0.026668 
 2580  2760   0.011921   0.006573   0.017480  -0.051522  -0.009351   0.020506   0.010445   0.065955   0.001520  -0.005109  -0.012007  -0.025030  -0.071597  -0.109114   0.205239   1.000000   0.243208  -0.154554  -0.049328   0.011870   0.036289 
 2760  2940   0.074319   0.042217  -0.056918   0.009570   0.045979   0.009335  -0.083612   0.018224  -0.001738   0.016178   0.010023   0.017322   0.000103  -0.037482  -0.143832   0.243208   1.000000   0.288314  -0.100806   0.081175   0.014507 
 2940  3120   0.039547   0.012703   0.005374   0.039317   0.014918   0.019519  -0.010431   0.015998  -0.003908   0.029541   0.000327   0.000809   0.018258   0.015080  -0.061697  -0.154554   0.288314   1.000000   0.017403   0.027548   0.021514 
 3120  3440  -0.019292  -0.005324  -0.038479   0.038376   0.008782  -0.013616  -0.005390  -0.049090  -0.052815  -0.024157  -0.019649   0.066364   0.001129   0.036395   0.019317  -0.049328  -0.100806   0.017403   1.000000  -0.017950  -0.037756 
 3440  3900   0.121054   0.066382   0.038901  -0.043802  -0.025138   0.005662   0.000919  -0.000688  -0.004869  -0.002070   0.008621   0.081880   0.041433  -0.024705   0.056386   0.011870   0.081175   0.027548  -0.017950   1.000000   0.009345 
 3900  4660   0.002771   0.007232   0.007311   0.046205   0.028799  -0.009856  -0.007283   0.023269   0.003200  -0.031135   0.024390  -0.011035  -0.043106  -0.029304  -0.026668   0.036289   0.014507   0.021514  -0.037756   0.009345   1.000000 

