&StatCorr


   Name1 = 'ATLAS 7 TeV Dijet data y_15_20 R=0.4'
   Name2 = 'ATLAS 7 TeV Dijet data y_15_20 R=0.4'

   NIdColumns1 = 2
   NIdColumns2 = 2

   IdColumns1 = 'pt1', 'pt2'
   IdColumns2 = 'pt1', 'pt2'

   NBins1 = 17
   NBins2 = 17

   MatrixFormatIsTable = true

   MatrixType = 'Statistical correlations'


&End 

   0   0         760        850        950       1060       1180       1310       1450       1600       1760       1940       2120       2330       2550       2780       3040       3310       3610  
   0   0         850        950       1060       1180       1310       1450       1600       1760       1940       2120       2330       2550       2780       3040       3310       3610       4640  
  760   850   1.000000   0.153397  -0.082656   0.007357  -0.041403  -0.014424  -0.049331   0.036257   0.002546   0.007449   0.023671  -0.025886   0.034360  -0.014758   0.035130  -0.009974  -0.025682 
  850   950   0.153397   1.000000   0.175887  -0.092458  -0.042879  -0.039887   0.001818  -0.026386  -0.002409  -0.009365  -0.015006  -0.046596  -0.014677  -0.106110  -0.007017  -0.021688  -0.022625 
  950  1060  -0.082656   0.175887   1.000000   0.173264  -0.111518  -0.055908   0.001390   0.023703   0.017134   0.002123  -0.009876   0.022469  -0.000935  -0.039661   0.047491   0.028483   0.000281 
 1060  1180   0.007357  -0.092458   0.173264   1.000000   0.099935  -0.123471  -0.028172  -0.003582   0.045950   0.007418  -0.067485  -0.018140  -0.068267  -0.026027   0.009141   0.022610   0.014326 
 1180  1310  -0.041403  -0.042879  -0.111518   0.099935   1.000000   0.163883  -0.123903  -0.013509   0.000297  -0.015812  -0.003727   0.045163  -0.032102  -0.051584  -0.055787  -0.007087   0.044713 
 1310  1450  -0.014424  -0.039887  -0.055908  -0.123471   0.163883   1.000000   0.077237  -0.075053  -0.047740  -0.043477  -0.023168  -0.001462   0.003195  -0.013962  -0.043288   0.011357  -0.007090 
 1450  1600  -0.049331   0.001818   0.001390  -0.028172  -0.123903   0.077237   1.000000   0.165882  -0.113553   0.010019  -0.015903  -0.002008   0.000703   0.025092   0.031881  -0.021000  -0.052477 
 1600  1760   0.036257  -0.026386   0.023703  -0.003582  -0.013509  -0.075053   0.165882   1.000000   0.176074  -0.043963  -0.025591   0.006135  -0.070457  -0.036619   0.061213  -0.005933   0.000279 
 1760  1940   0.002546  -0.002409   0.017134   0.045950   0.000297  -0.047740  -0.113553   0.176074   1.000000   0.066430  -0.075695  -0.008604  -0.033426   0.026232   0.051157   0.024433  -0.051593 
 1940  2120   0.007449  -0.009365   0.002123   0.007418  -0.015812  -0.043477   0.010019  -0.043963   0.066430   1.000000   0.156139  -0.100569   0.017783   0.048636   0.032455   0.043340   0.041734 
 2120  2330   0.023671  -0.015006  -0.009876  -0.067485  -0.003727  -0.023168  -0.015903  -0.025591  -0.075695   0.156139   1.000000   0.119251  -0.122373  -0.017447   0.002606   0.016051  -0.007071 
 2330  2550  -0.025886  -0.046596   0.022469  -0.018140   0.045163  -0.001462  -0.002008   0.006135  -0.008604  -0.100569   0.119251   1.000000   0.118774  -0.050565  -0.025143  -0.073567  -0.028833 
 2550  2780   0.034360  -0.014677  -0.000935  -0.068267  -0.032102   0.003195   0.000703  -0.070457  -0.033426   0.017783  -0.122373   0.118774   1.000000   0.070536  -0.103394   0.010782  -0.031157 
 2780  3040  -0.014758  -0.106110  -0.039661  -0.026027  -0.051584  -0.013962   0.025092  -0.036619   0.026232   0.048636  -0.017447  -0.050565   0.070536   1.000000   0.112361  -0.079054   0.035316 
 3040  3310   0.035130  -0.007017   0.047491   0.009141  -0.055787  -0.043288   0.031881   0.061213   0.051157   0.032455   0.002606  -0.025143  -0.103394   0.112361   1.000000   0.024369  -0.039452 
 3310  3610  -0.009974  -0.021688   0.028483   0.022610  -0.007087   0.011357  -0.021000  -0.005933   0.024433   0.043340   0.016051  -0.073567   0.010782  -0.079054   0.024369   1.000000   0.042406 
 3610  4640  -0.025682  -0.022625   0.000281   0.014326   0.044713  -0.007090  -0.052477   0.000279  -0.051593   0.041734  -0.007071  -0.028833  -0.031157   0.035316  -0.039452   0.042406   1.000000 

