&StatCorr


   Name1 = 'ATLAS 7 TeV Incjet data y_05_10 R=0.4'
   Name2 = 'ATLAS 7 TeV Incjet data y_05_10 R=0.4'

   NIdColumns1 = 2
   NIdColumns2 = 2

   IdColumns1 = 'pt1', 'pt2'
   IdColumns2 = 'pt1', 'pt2'

   NBins1 = 30
   NBins2 = 30

   MatrixFormatIsTable = true

   MatrixType = 'Statistical correlations'


&End 

   0   0         100        116        134        152        172        194        216        240        264        290        318        346        376        408        442        478        516        556        598        642        688        736        786        838        894        952       1012       1162       1310       1530  
   0   0         116        134        152        172        194        216        240        264        290        318        346        376        408        442        478        516        556        598        642        688        736        786        838        894        952       1012       1162       1310       1530       1992  
  100   116   1.000000   0.242513  -0.040873  -0.044017  -0.055955  -0.046090   0.001535   0.000181   0.065431   0.041913  -0.052205  -0.083914  -0.009294   0.033231   0.027154   0.031925  -0.017226   0.011381   0.074803   0.081457  -0.009415  -0.000705   0.025793   0.000894   0.031754  -0.027887  -0.008965   0.012097   0.004316   0.014862 
  116   134   0.242513   1.000000   0.267290  -0.036693  -0.098245  -0.022786  -0.018703   0.031043  -0.026682  -0.019779  -0.072153  -0.033634   0.058653   0.023887   0.077456  -0.002785   0.000196  -0.012908   0.034905   0.051575  -0.026305  -0.050335   0.009883  -0.041925  -0.015021  -0.004195  -0.031159  -0.044523  -0.051383  -0.034668 
  134   152  -0.040873   0.267290   1.000000   0.283217  -0.119996   0.008317  -0.034390  -0.019049   0.006675   0.025678  -0.044976  -0.002711  -0.028898   0.034956   0.102429  -0.067387   0.027812  -0.008854  -0.009788  -0.004263   0.016013  -0.000352   0.033370  -0.011891  -0.028375   0.018473  -0.009620  -0.087325  -0.026804  -0.053471 
  152   172  -0.044017  -0.036693   0.283217   1.000000   0.139699  -0.054126   0.011468   0.035357   0.018301  -0.002465   0.063288   0.008791  -0.012425  -0.029406   0.003952  -0.004342   0.037658   0.016184  -0.019936  -0.003180   0.034244  -0.020850   0.020339  -0.002767  -0.034841   0.009379  -0.006566   0.007750   0.033017   0.039252 
  172   194  -0.055955  -0.098245  -0.119996   0.139699   1.000000   0.127860  -0.045715  -0.013748   0.030467  -0.005531  -0.027658  -0.012455   0.055605  -0.013731  -0.006911   0.002161   0.006859   0.039793  -0.029894   0.030705   0.024706   0.018694   0.009757   0.003040   0.050166   0.071981   0.038005   0.010914  -0.011907  -0.049837 
  194   216  -0.046090  -0.022786   0.008317  -0.054126   0.127860   1.000000   0.183135  -0.079208  -0.030823   0.018473  -0.030791  -0.005689   0.022596  -0.026851   0.033730  -0.053129   0.024293  -0.022413   0.002794  -0.013314   0.001101   0.039917   0.032587   0.009618   0.012046  -0.003035   0.031191   0.103053   0.022817   0.007500 
  216   240   0.001535  -0.018703  -0.034390   0.011468  -0.045715   0.183135   1.000000   0.135814  -0.056394   0.023079   0.015607  -0.009354   0.041689  -0.017811  -0.002488  -0.027908   0.018127   0.004802  -0.013711   0.037716   0.060090   0.043246  -0.013499  -0.011505  -0.058591  -0.012104  -0.020429   0.012420   0.022336   0.018889 
  240   264   0.000181   0.031043  -0.019049   0.035357  -0.013748  -0.079208   0.135814   1.000000   0.235939  -0.066164  -0.086718  -0.058652  -0.015906   0.017966  -0.043181   0.003557   0.005777   0.003043   0.013010  -0.010893   0.007345  -0.032280   0.020031   0.048692  -0.003942  -0.003966  -0.004233   0.012476   0.031993  -0.008418 
  264   290   0.065431  -0.026682   0.006675   0.018301   0.030467  -0.030823  -0.056394   0.235939   1.000000   0.275986  -0.071284  -0.055801  -0.014576   0.009996  -0.027796  -0.011908  -0.053169  -0.060066   0.017682   0.044812  -0.012726  -0.030375   0.018228   0.018529   0.009035  -0.020138  -0.015837  -0.039288   0.007551   0.025266 
  290   318   0.041913  -0.019779   0.025678  -0.002465  -0.005531   0.018473   0.023079  -0.066164   0.275986   1.000000   0.318627  -0.081570  -0.051054   0.003927   0.004338   0.006214  -0.006815   0.000797  -0.013581   0.007871  -0.008582  -0.020895  -0.035552  -0.021335  -0.017991  -0.014644   0.005829   0.004479  -0.043916  -0.024773 
  318   346  -0.052205  -0.072153  -0.044976   0.063288  -0.027658  -0.030791   0.015607  -0.086718  -0.071284   0.318627   1.000000   0.251115  -0.161866  -0.124811  -0.016276   0.013110  -0.008494   0.044346   0.041058  -0.020124  -0.040992   0.002627   0.007468  -0.023416   0.030251   0.057116   0.029973  -0.031027  -0.065277   0.036621 
  346   376  -0.083914  -0.033634  -0.002711   0.008791  -0.012455  -0.005689  -0.009354  -0.058652  -0.055801  -0.081570   0.251115   1.000000   0.029219  -0.185541  -0.056373  -0.029091  -0.007263  -0.023053   0.019394   0.004617  -0.040321  -0.021971   0.042909   0.013611   0.004358   0.007489  -0.005619   0.026291   0.023406   0.030631 
  376   408  -0.009294   0.058653  -0.028898  -0.012425   0.055605   0.022596   0.041689  -0.015906  -0.014576  -0.051054  -0.161866   0.029219   1.000000   0.028431  -0.170317   0.011290   0.007307   0.020244  -0.015640   0.015027   0.050056   0.046404   0.021339   0.002934  -0.023668  -0.013968   0.002218   0.036124  -0.001927  -0.040382 
  408   442   0.033231   0.023887   0.034956  -0.029406  -0.013731  -0.026851  -0.017811   0.017966   0.009996   0.003927  -0.124811  -0.185541   0.028431   1.000000  -0.019705  -0.094736  -0.005989   0.013200  -0.003996   0.027019   0.033340  -0.015332   0.002631   0.071780  -0.023952  -0.038134  -0.019758  -0.043755  -0.008928   0.027756 
  442   478   0.027154   0.077456   0.102429   0.003952  -0.006911   0.033730  -0.002488  -0.043181  -0.027796   0.004338  -0.016276  -0.056373  -0.170317  -0.019705   1.000000   0.004055  -0.130774  -0.093579  -0.035344   0.044641  -0.028620  -0.021656   0.009041   0.006302  -0.040022   0.004133   0.033675  -0.021416   0.019049  -0.044331 
  478   516   0.031925  -0.002785  -0.067387  -0.004342   0.002161  -0.053129  -0.027908   0.003557  -0.011908   0.006214   0.013110  -0.029091   0.011290  -0.094736   0.004055   1.000000  -0.015922  -0.052246  -0.017096   0.013035   0.004464   0.035206   0.032718  -0.004019   0.008826   0.030571   0.038633  -0.026405  -0.019240   0.000618 
  516   556  -0.017226   0.000196   0.027812   0.037658   0.006859   0.024293   0.018127   0.005777  -0.053169  -0.006815  -0.008494  -0.007263   0.007307  -0.005989  -0.130774  -0.015922   1.000000   0.106841  -0.073754  -0.018974   0.006261  -0.005799   0.019521   0.002986   0.033940   0.015940  -0.020101   0.023642  -0.002698   0.006738 
  556   598   0.011381  -0.012908  -0.008854   0.016184   0.039793  -0.022413   0.004802   0.003043  -0.060066   0.000797   0.044346  -0.023053   0.020244   0.013200  -0.093579  -0.052246   0.106841   1.000000   0.144066  -0.018709  -0.038099   0.008880  -0.020525  -0.069625  -0.015268  -0.003073  -0.047153  -0.025601  -0.024232   0.025244 
  598   642   0.074803   0.034905  -0.009788  -0.019936  -0.029894   0.002794  -0.013711   0.013010   0.017682  -0.013581   0.041058   0.019394  -0.015640  -0.003996  -0.035344  -0.017096  -0.073754   0.144066   1.000000   0.227775  -0.012886  -0.030233  -0.050974   0.019729   0.007618   0.013096  -0.047619  -0.035718  -0.064810  -0.035006 
  642   688   0.081457   0.051575  -0.004263  -0.003180   0.030705  -0.013314   0.037716  -0.010893   0.044812   0.007871  -0.020124   0.004617   0.015027   0.027019   0.044641   0.013035  -0.018974  -0.018709   0.227775   1.000000   0.291043  -0.034852  -0.008318   0.033993  -0.004176  -0.031670  -0.088901  -0.029385   0.043166  -0.024841 
  688   736  -0.009415  -0.026305   0.016013   0.034244   0.024706   0.001101   0.060090   0.007345  -0.012726  -0.008582  -0.040992  -0.040321   0.050056   0.033340  -0.028620   0.004464   0.006261  -0.038099  -0.012886   0.291043   1.000000   0.246881  -0.039489  -0.051045  -0.039789   0.032424  -0.029224  -0.018268   0.034124  -0.040131 
  736   786  -0.000705  -0.050335  -0.000352  -0.020850   0.018694   0.039917   0.043246  -0.032280  -0.030375  -0.020895   0.002627  -0.021971   0.046404  -0.015332  -0.021656   0.035206  -0.005799   0.008880  -0.030233  -0.034852   0.246881   1.000000   0.326774   0.008941  -0.005627   0.051781  -0.022899   0.010256  -0.002379  -0.005433 
  786   838   0.025793   0.009883   0.033370   0.020339   0.009757   0.032587  -0.013499   0.020031   0.018228  -0.035552   0.007468   0.042909   0.021339   0.002631   0.009041   0.032718   0.019521  -0.020525  -0.050974  -0.008318  -0.039489   0.326774   1.000000   0.331017  -0.085960  -0.043220   0.013843   0.019899   0.035512   0.048290 
  838   894   0.000894  -0.041925  -0.011891  -0.002767   0.003040   0.009618  -0.011505   0.048692   0.018529  -0.021335  -0.023416   0.013611   0.002934   0.071780   0.006302  -0.004019   0.002986  -0.069625   0.019729   0.033993  -0.051045   0.008941   0.331017   1.000000   0.284806  -0.072075  -0.023975   0.012350   0.000501   0.013983 
  894   952   0.031754  -0.015021  -0.028375  -0.034841   0.050166   0.012046  -0.058591  -0.003942   0.009035  -0.017991   0.030251   0.004358  -0.023668  -0.023952  -0.040022   0.008826   0.033940  -0.015268   0.007618  -0.004176  -0.039789  -0.005627  -0.085960   0.284806   1.000000   0.356792  -0.039189   0.003318   0.005969   0.018688 
  952  1012  -0.027887  -0.004195   0.018473   0.009379   0.071981  -0.003035  -0.012104  -0.003966  -0.020138  -0.014644   0.057116   0.007489  -0.013968  -0.038134   0.004133   0.030571   0.015940  -0.003073   0.013096  -0.031670   0.032424   0.051781  -0.043220  -0.072075   0.356792   1.000000   0.201852  -0.028147   0.040389  -0.014315 
 1012  1162  -0.008965  -0.031159  -0.009620  -0.006566   0.038005   0.031191  -0.020429  -0.004233  -0.015837   0.005829   0.029973  -0.005619   0.002218  -0.019758   0.033675   0.038633  -0.020101  -0.047153  -0.047619  -0.088901  -0.029224  -0.022899   0.013843  -0.023975  -0.039189   0.201852   1.000000   0.070079  -0.051931  -0.004794 
 1162  1310   0.012097  -0.044523  -0.087325   0.007750   0.010914   0.103053   0.012420   0.012476  -0.039288   0.004479  -0.031027   0.026291   0.036124  -0.043755  -0.021416  -0.026405   0.023642  -0.025601  -0.035718  -0.029385  -0.018268   0.010256   0.019899   0.012350   0.003318  -0.028147   0.070079   1.000000   0.103198  -0.037973 
 1310  1530   0.004316  -0.051383  -0.026804   0.033017  -0.011907   0.022817   0.022336   0.031993   0.007551  -0.043916  -0.065277   0.023406  -0.001927  -0.008928   0.019049  -0.019240  -0.002698  -0.024232  -0.064810   0.043166   0.034124  -0.002379   0.035512   0.000501   0.005969   0.040389  -0.051931   0.103198   1.000000  -0.006567 
 1530  1992   0.014862  -0.034668  -0.053471   0.039252  -0.049837   0.007500   0.018889  -0.008418   0.025266  -0.024773   0.036621   0.030631  -0.040382   0.027756  -0.044331   0.000618   0.006738   0.025244  -0.035006  -0.024841  -0.040131  -0.005433   0.048290   0.013983   0.018688  -0.014315  -0.004794  -0.037973  -0.006567   1.000000 

