&StatCorr


   Name1 = 'ATLAS 7 TeV Dijet data y_00_05 R=0.6'
   Name2 = 'ATLAS 7 TeV Dijet data y_00_05 R=0.6'

   NIdColumns1 = 2
   NIdColumns2 = 2

   IdColumns1 = 'pt1', 'pt2'
   IdColumns2 = 'pt1', 'pt2'

   NBins1 = 21
   NBins2 = 21

   MatrixFormatIsTable = true

   MatrixType = 'Statistical correlations'


&End 

   0   0         260        310        370        440        510        590        670        760        850        950       1060       1180       1310       1450       1600       1760       1940       2120       2330       2550       2780  
   0   0         310        370        440        510        590        670        760        850        950       1060       1180       1310       1450       1600       1760       1940       2120       2330       2550       2780       4270  
  260   310   1.000000   0.004899  -0.042613   0.058742  -0.011984  -0.069377   0.028702   0.017668   0.038685  -0.048497  -0.053183   0.031026  -0.056583  -0.067595  -0.009369   0.003609  -0.025643  -0.001461   0.105133   0.028356  -0.003840 
  310   370   0.004899   1.000000  -0.082779  -0.046119  -0.008576   0.008947   0.004410  -0.043535   0.019132  -0.036454  -0.027572  -0.041443   0.047611  -0.017406   0.030482  -0.010422  -0.049076   0.044913  -0.001024  -0.012385   0.034245 
  370   440  -0.042613  -0.082779   1.000000  -0.038427  -0.060410   0.000776  -0.073649   0.001510   0.025102   0.010662  -0.027658  -0.020375   0.015947  -0.021030   0.028362   0.030569  -0.019573  -0.035019   0.009353  -0.007708  -0.029581 
  440   510   0.058742  -0.046119  -0.038427   1.000000  -0.046148  -0.075020  -0.009856  -0.010636   0.034901   0.027755   0.017964  -0.036016  -0.018472   0.035830   0.001707  -0.047872  -0.032034   0.001780   0.010954   0.051010   0.008756 
  510   590  -0.011984  -0.008576  -0.060410  -0.046148   1.000000  -0.029734  -0.097695   0.032344  -0.017114   0.028684  -0.034479   0.029171   0.009907   0.024953  -0.010125  -0.020910   0.037662  -0.034401  -0.038110   0.021816   0.019131 
  590   670  -0.069377   0.008947   0.000776  -0.075020  -0.029734   1.000000  -0.080609  -0.089537  -0.014041   0.032616   0.077926  -0.070972   0.026607  -0.026639  -0.021666   0.027753   0.002858   0.060459  -0.000306   0.017993  -0.017131 
  670   760   0.028702   0.004410  -0.073649  -0.009856  -0.097695  -0.080609   1.000000  -0.080387  -0.026118  -0.032201  -0.048049  -0.012878  -0.013830   0.019444   0.020747   0.009741   0.004726  -0.026980  -0.011374  -0.020233   0.025860 
  760   850   0.017668  -0.043535   0.001510  -0.010636   0.032344  -0.089537  -0.080387   1.000000  -0.172909  -0.082646  -0.002403  -0.012168  -0.010146   0.013413   0.017667  -0.020904   0.027117   0.013061   0.042807  -0.002223  -0.080928 
  850   950   0.038685   0.019132   0.025102   0.034901  -0.017114  -0.014041  -0.026118  -0.172909   1.000000  -0.074400  -0.065146  -0.054150  -0.018690  -0.022534  -0.010001   0.010667   0.004396  -0.057556  -0.008829   0.037872   0.030770 
  950  1060  -0.048497  -0.036454   0.010662   0.027755   0.028684   0.032616  -0.032201  -0.082646  -0.074400   1.000000  -0.050967  -0.023260  -0.010365  -0.039277  -0.025191   0.034973  -0.015726   0.040345  -0.008815  -0.014379  -0.009484 
 1060  1180  -0.053183  -0.027572  -0.027658   0.017964  -0.034479   0.077926  -0.048049  -0.002403  -0.065146  -0.050967   1.000000  -0.076341  -0.031416   0.002876  -0.046712  -0.035977  -0.003168   0.000700  -0.048621   0.038538  -0.012915 
 1180  1310   0.031026  -0.041443  -0.020375  -0.036016   0.029171  -0.070972  -0.012878  -0.012168  -0.054150  -0.023260  -0.076341   1.000000   0.034579  -0.066729  -0.026262   0.002065   0.048504   0.031272   0.058758   0.013698  -0.045848 
 1310  1450  -0.056583   0.047611   0.015947  -0.018472   0.009907   0.026607  -0.013830  -0.010146  -0.018690  -0.010365  -0.031416   0.034579   1.000000   0.013280  -0.002015  -0.031191  -0.043236  -0.044112  -0.003973  -0.030250   0.022801 
 1450  1600  -0.067595  -0.017406  -0.021030   0.035830   0.024953  -0.026639   0.019444   0.013413  -0.022534  -0.039277   0.002876  -0.066729   0.013280   1.000000   0.088016  -0.076629  -0.036631  -0.008969  -0.048579  -0.024916  -0.031127 
 1600  1760  -0.009369   0.030482   0.028362   0.001707  -0.010125  -0.021666   0.020747   0.017667  -0.010001  -0.025191  -0.046712  -0.026262  -0.002015   0.088016   1.000000   0.162338  -0.103538  -0.012750   0.028082  -0.037890  -0.010025 
 1760  1940   0.003609  -0.010422   0.030569  -0.047872  -0.020910   0.027753   0.009741  -0.020904   0.010667   0.034973  -0.035977   0.002065  -0.031191  -0.076629   0.162338   1.000000   0.008209  -0.065195   0.053493   0.052493   0.033782 
 1940  2120  -0.025643  -0.049076  -0.019573  -0.032034   0.037662   0.002858   0.004726   0.027117   0.004396  -0.015726  -0.003168   0.048504  -0.043236  -0.036631  -0.103538   0.008209   1.000000   0.106923  -0.053928   0.011003   0.045812 
 2120  2330  -0.001461   0.044913  -0.035019   0.001780  -0.034401   0.060459  -0.026980   0.013061  -0.057556   0.040345   0.000700   0.031272  -0.044112  -0.008969  -0.012750  -0.065195   0.106923   1.000000   0.119664  -0.043203   0.044710 
 2330  2550   0.105133  -0.001024   0.009353   0.010954  -0.038110  -0.000306  -0.011374   0.042807  -0.008829  -0.008815  -0.048621   0.058758  -0.003973  -0.048579   0.028082   0.053493  -0.053928   0.119664   1.000000   0.142417  -0.045135 
 2550  2780   0.028356  -0.012385  -0.007708   0.051010   0.021816   0.017993  -0.020233  -0.002223   0.037872  -0.014379   0.038538   0.013698  -0.030250  -0.024916  -0.037890   0.052493   0.011003  -0.043203   0.142417   1.000000   0.035061 
 2780  4270  -0.003840   0.034245  -0.029581   0.008756   0.019131  -0.017131   0.025860  -0.080928   0.030770  -0.009484  -0.012915  -0.045848   0.022801  -0.031127  -0.010025   0.033782   0.045812   0.044710  -0.045135   0.035061   1.000000 

