&StatCorr


   Name1 = 'ATLAS 7 TeV Trijet data y_6_8 R=0.6'
   Name2 = 'ATLAS 7 TeV Trijet data y_6_8 R=0.6'

   NIdColumns1 = 2
   NIdColumns2 = 2

   IdColumns1 = 'pt1', 'pt2'
   IdColumns2 = 'pt1', 'pt2'

   NBins1 = 21
   NBins2 = 21

   MatrixFormatIsTable = true

   MatrixType = 'Statistical correlations'


&End 

   0   0         680        760        840        940       1040       1140       1260       1380       1520       1660       1800       1940       2100       2260       2420       2580       2760       2940       3120       3440       3900  
   0   0         760        840        940       1040       1140       1260       1380       1520       1660       1800       1940       2100       2260       2420       2580       2760       2940       3120       3440       3900       4660  
  680   760   1.000000   0.307089  -0.124237  -0.009326   0.025736   0.011847   0.059510   0.078252   0.000823  -0.107661  -0.018026   0.025323  -0.018901   0.046933  -0.040719  -0.032333   0.012313  -0.001808   0.017251   0.003343   0.002203 
  760   840   0.307089   1.000000   0.342211  -0.058400  -0.042031   0.004277   0.030771   0.019932  -0.006816  -0.060358   0.001144   0.013300   0.010408   0.035165  -0.002616   0.013158   0.020386  -0.050841   0.034378  -0.008549   0.003868 
  840   940  -0.124237   0.342211   1.000000   0.177638  -0.161224  -0.016987  -0.027001  -0.059767  -0.000268   0.050651   0.082287   0.013147  -0.053492  -0.013675   0.058178   0.014751   0.011549  -0.068078  -0.039363  -0.036896   0.022328 
  940  1040  -0.009326  -0.058400   0.177638   1.000000   0.195884  -0.082467  -0.059057  -0.050556   0.029179   0.035740   0.091569   0.034304  -0.017673   0.007261  -0.051784  -0.026933   0.029589   0.002618  -0.020519   0.009138  -0.048809 
 1040  1140   0.025736  -0.042031  -0.161224   0.195884   1.000000   0.267965  -0.117721  -0.059018  -0.021519   0.016329   0.007600  -0.025025   0.067985  -0.007298  -0.080499   0.025454   0.053736   0.049165  -0.025473  -0.026862  -0.003497 
 1140  1260   0.011847   0.004277  -0.016987  -0.082467   0.267965   1.000000   0.225641  -0.124928  -0.049130  -0.043187  -0.019898  -0.009143   0.006794   0.004273  -0.002204   0.009616  -0.009953   0.019443   0.038143  -0.050976   0.068486 
 1260  1380   0.059510   0.030771  -0.027001  -0.059057  -0.117721   0.225641   1.000000   0.290194  -0.098626  -0.071305   0.008938   0.003731  -0.058225   0.022728  -0.010592  -0.008788   0.010410  -0.000432   0.002371  -0.019794   0.013735 
 1380  1520   0.078252   0.019932  -0.059767  -0.050556  -0.059018  -0.124928   0.290194   1.000000   0.216289  -0.125737  -0.022099   0.020968  -0.061754  -0.012233  -0.010094  -0.042050   0.009298   0.030392   0.048666  -0.040218  -0.023086 
 1520  1660   0.000823  -0.006816  -0.000268   0.029179  -0.021519  -0.049130  -0.098626   0.216289   1.000000   0.238945  -0.099259  -0.091598   0.037265   0.042986  -0.006352   0.031247   0.040110   0.013500  -0.000382  -0.029857  -0.036065 
 1660  1800  -0.107661  -0.060358   0.050651   0.035740   0.016329  -0.043187  -0.071305  -0.125737   0.238945   1.000000   0.340269  -0.119214  -0.025879   0.001019   0.001060  -0.001861   0.006225   0.030051  -0.034256  -0.029158   0.009805 
 1800  1940  -0.018026   0.001144   0.082287   0.091569   0.007600  -0.019898   0.008938  -0.022099  -0.099259   0.340269   1.000000   0.296664  -0.155709  -0.009895  -0.026493   0.005036  -0.003590  -0.000455  -0.006803  -0.025831   0.002190 
 1940  2100   0.025323   0.013300   0.013147   0.034304  -0.025025  -0.009143   0.003731   0.020968  -0.091598  -0.119214   0.296664   1.000000   0.112953  -0.130467  -0.102427   0.007064   0.006077  -0.086181   0.034277   0.029318   0.013701 
 2100  2260  -0.018901   0.010408  -0.053492  -0.017673   0.067985   0.006794  -0.058225  -0.061754   0.037265  -0.025879  -0.155709   0.112953   1.000000   0.224110  -0.039415  -0.030737  -0.069521   0.016895   0.064514  -0.001025   0.028756 
 2260  2420   0.046933   0.035165  -0.013675   0.007261  -0.007298   0.004273   0.022728  -0.012233   0.042986   0.001019  -0.009895  -0.130467   0.224110   1.000000   0.351815  -0.133297  -0.054228   0.067417  -0.019378  -0.037215   0.026099 
 2420  2580  -0.040719  -0.002616   0.058178  -0.051784  -0.080499  -0.002204  -0.010592  -0.010094  -0.006352   0.001060  -0.026493  -0.102427  -0.039415   0.351815   1.000000   0.249801  -0.133772  -0.020188  -0.029700   0.025173  -0.020209 
 2580  2760  -0.032333   0.013158   0.014751  -0.026933   0.025454   0.009616  -0.008788  -0.042050   0.031247  -0.001861   0.005036   0.007064  -0.030737  -0.133297   0.249801   1.000000   0.186342  -0.068628  -0.023461   0.052232  -0.016144 
 2760  2940   0.012313   0.020386   0.011549   0.029589   0.053736  -0.009953   0.010410   0.009298   0.040110   0.006225  -0.003590   0.006077  -0.069521  -0.054228  -0.133772   0.186342   1.000000   0.210796  -0.104161   0.015651   0.062853 
 2940  3120  -0.001808  -0.050841  -0.068078   0.002618   0.049165   0.019443  -0.000432   0.030392   0.013500   0.030051  -0.000455  -0.086181   0.016895   0.067417  -0.020188  -0.068628   0.210796   1.000000   0.132550  -0.067707  -0.034841 
 3120  3440   0.017251   0.034378  -0.039363  -0.020519  -0.025473   0.038143   0.002371   0.048666  -0.000382  -0.034256  -0.006803   0.034277   0.064514  -0.019378  -0.029700  -0.023461  -0.104161   0.132550   1.000000  -0.014733  -0.037078 
 3440  3900   0.003343  -0.008549  -0.036896   0.009138  -0.026862  -0.050976  -0.019794  -0.040218  -0.029857  -0.029158  -0.025831   0.029318  -0.001025  -0.037215   0.025173   0.052232   0.015651  -0.067707  -0.014733   1.000000   0.031681 
 3900  4660   0.002203   0.003868   0.022328  -0.048809  -0.003497   0.068486   0.013735  -0.023086  -0.036065   0.009805   0.002190   0.013701   0.028756   0.026099  -0.020209  -0.016144   0.062853  -0.034841  -0.037078   0.031681   1.000000 

