&StatCorr


   Name1 = 'ATLAS 7 TeV Dijet data y_20_25 R=0.6'
   Name2 = 'ATLAS 7 TeV Dijet data y_20_25 R=0.6'

   NIdColumns1 = 2
   NIdColumns2 = 2

   IdColumns1 = 'pt1', 'pt2'
   IdColumns2 = 'pt1', 'pt2'

   NBins1 = 8
   NBins2 = 8

   MatrixFormatIsTable = true

   MatrixType = 'Statistical correlations'


&End 

   0   0        1310       1450       1600       1760       2120       2550       3040       3610  
   0   0        1450       1600       1760       2120       2550       3040       3610       5040  
 1310  1450   1.000000   0.261186  -0.081334  -0.010767  -0.032092  -0.000283  -0.019063   0.065462 
 1450  1600   0.261186   1.000000   0.234103  -0.101216  -0.067033   0.054324  -0.047681  -0.018159 
 1600  1760  -0.081334   0.234103   1.000000   0.110926  -0.041310  -0.032580  -0.025887  -0.010508 
 1760  2120  -0.010767  -0.101216   0.110926   1.000000  -0.033963   0.040828   0.089126   0.046015 
 2120  2550  -0.032092  -0.067033  -0.041310  -0.033963   1.000000  -0.037782  -0.061178  -0.004721 
 2550  3040  -0.000283   0.054324  -0.032580   0.040828  -0.037782   1.000000  -0.022821  -0.066157 
 3040  3610  -0.019063  -0.047681  -0.025887   0.089126  -0.061178  -0.022821   1.000000  -0.017696 
 3610  5040   0.065462  -0.018159  -0.010508   0.046015  -0.004721  -0.066157  -0.017696   1.000000 

