&StatCorr


   Name1 = 'ATLAS 7 TeV Trijet data y_4_6 R=0.6'
   Name2 = 'ATLAS 7 TeV Trijet data y_4_6 R=0.6'

   NIdColumns1 = 2
   NIdColumns2 = 2

   IdColumns1 = 'pt1', 'pt2'
   IdColumns2 = 'pt1', 'pt2'

   NBins1 = 25
   NBins2 = 25

   MatrixFormatIsTable = true

   MatrixType = 'Statistical correlations'


&End 

   0   0         500        540        600        660        720        800        880        960       1060       1160       1260       1380       1500       1620       1760       1900       2060       2220       2400       2580       2780       2980       3200       3420       3660  
   0   0         540        600        660        720        800        880        960       1060       1160       1260       1380       1500       1620       1760       1900       2060       2220       2400       2580       2780       2980       3200       3420       3660       4700  
  500   540   1.000000   0.284488  -0.131020  -0.108605   0.006819   0.006699  -0.001055   0.062501  -0.002104  -0.026700   0.018755  -0.019051  -0.007773   0.012328   0.025595  -0.008153   0.041791   0.028944  -0.006120   0.057967   0.053712   0.074507   0.072140  -0.045701  -0.043839 
  540   600   0.284488   1.000000   0.226552  -0.114949  -0.043916  -0.013944  -0.004357  -0.023976  -0.026411  -0.029835  -0.000703   0.008080   0.028723   0.018245   0.018358  -0.030188  -0.036018  -0.007411   0.002144   0.053490   0.000783   0.027813   0.002579  -0.011317   0.041291 
  600   660  -0.131020   0.226552   1.000000   0.307863  -0.150016  -0.165395  -0.067705   0.057528   0.025118   0.022480   0.025653   0.009057   0.031739   0.014117   0.033945  -0.012375  -0.016102  -0.048198  -0.037222   0.008886   0.018588  -0.010069  -0.054045   0.016672   0.028693 
  660   720  -0.108605  -0.114949   0.307863   1.000000   0.242220  -0.156058  -0.071609   0.027052   0.024465   0.028273   0.012581   0.001442  -0.005543   0.006632   0.023819   0.008393   0.022110   0.016149  -0.074066  -0.036298   0.004451  -0.028829  -0.017312   0.051785   0.047453 
  720   800   0.006819  -0.043916  -0.150016   0.242220   1.000000   0.263784  -0.142382  -0.118119  -0.060445   0.008689   0.016721   0.006385   0.009821   0.033945  -0.049392   0.020278   0.025871   0.025550  -0.057822  -0.056401  -0.003194  -0.017494   0.052644   0.028394  -0.009842 
  800   880   0.006699  -0.013944  -0.165395  -0.156058   0.263784   1.000000   0.273533  -0.099451  -0.036804   0.006838  -0.032408  -0.015660  -0.022505   0.002138   0.008315   0.056288   0.017190  -0.062803  -0.017188  -0.018142  -0.020521   0.015398   0.008207  -0.010655   0.035043 
  880   960  -0.001055  -0.004357  -0.067705  -0.071609  -0.142382   0.273533   1.000000   0.271692  -0.084871  -0.001664  -0.007759   0.019608  -0.017543  -0.009615   0.000094  -0.026031   0.000066   0.049295   0.045474   0.032934   0.007571  -0.006703  -0.019933  -0.002638   0.082775 
  960  1060   0.062501  -0.023976   0.057528   0.027052  -0.118119  -0.099451   0.271692   1.000000   0.199486  -0.026493  -0.026466   0.002643   0.022864   0.031106   0.029918  -0.040377  -0.015060   0.051562   0.025610  -0.017009   0.081781  -0.019777   0.006324  -0.014271  -0.014736 
 1060  1160  -0.002104  -0.026411   0.025118   0.024465  -0.060445  -0.036804  -0.084871   0.199486   1.000000   0.262124  -0.079056  -0.033862  -0.036262  -0.058989   0.017958  -0.001764  -0.004523  -0.011887  -0.097521  -0.067693   0.031406   0.026313   0.019873   0.000805  -0.049483 
 1160  1260  -0.026700  -0.029835   0.022480   0.028273   0.008689   0.006838  -0.001664  -0.026493   0.262124   1.000000   0.396022  -0.140531  -0.028398  -0.094578  -0.009572  -0.006549   0.024345  -0.017156  -0.008063  -0.031788   0.036264  -0.036655  -0.026706  -0.004779  -0.007231 
 1260  1380   0.018755  -0.000703   0.025653   0.012581   0.016721  -0.032408  -0.007759  -0.026466  -0.079056   0.396022   1.000000   0.113730  -0.041789  -0.107104  -0.043395   0.050310   0.077675  -0.023276   0.028614   0.025893   0.019034   0.001402  -0.066288  -0.058329   0.001725 
 1380  1500  -0.019051   0.008080   0.009057   0.001442   0.006385  -0.015660   0.019608   0.002643  -0.033862  -0.140531   0.113730   1.000000   0.208656  -0.100177  -0.060313  -0.007201   0.021313   0.059899  -0.008949   0.021838   0.051935   0.073584   0.011501  -0.081978   0.041887 
 1500  1620  -0.007773   0.028723   0.031739  -0.005543   0.009821  -0.022505  -0.017543   0.022864  -0.036262  -0.028398  -0.041789   0.208656   1.000000   0.259902  -0.134769  -0.049668  -0.005510   0.020904  -0.023395  -0.006112  -0.006337   0.005189   0.010276  -0.027121  -0.001099 
 1620  1760   0.012328   0.018245   0.014117   0.006632   0.033945   0.002138  -0.009615   0.031106  -0.058989  -0.094578  -0.107104  -0.100177   0.259902   1.000000   0.165641  -0.171660  -0.087605   0.015068  -0.017273  -0.008720   0.001455  -0.008168   0.012352  -0.051850  -0.041920 
 1760  1900   0.025595   0.018358   0.033945   0.023819  -0.049392   0.008315   0.000094   0.029918   0.017958  -0.009572  -0.043395  -0.060313  -0.134769   0.165641   1.000000   0.128786  -0.076564  -0.034964  -0.028622  -0.017824   0.059338   0.025362   0.019495  -0.002358  -0.011492 
 1900  2060  -0.008153  -0.030188  -0.012375   0.008393   0.020278   0.056288  -0.026031  -0.040377  -0.001764  -0.006549   0.050310  -0.007201  -0.049668  -0.171660   0.128786   1.000000   0.206620  -0.151848  -0.005333   0.019132   0.022357   0.000243   0.010970   0.013505  -0.011657 
 2060  2220   0.041791  -0.036018  -0.016102   0.022110   0.025871   0.017190   0.000066  -0.015060  -0.004523   0.024345   0.077675   0.021313  -0.005510  -0.087605  -0.076564   0.206620   1.000000   0.112207  -0.118697  -0.068763   0.049366  -0.013751  -0.015297  -0.020048  -0.046736 
 2220  2400   0.028944  -0.007411  -0.048198   0.016149   0.025550  -0.062803   0.049295   0.051562  -0.011887  -0.017156  -0.023276   0.059899   0.020904   0.015068  -0.034964  -0.151848   0.112207   1.000000   0.144877  -0.021740  -0.017331   0.013830   0.010466   0.039117   0.012992 
 2400  2580  -0.006120   0.002144  -0.037222  -0.074066  -0.057822  -0.017188   0.045474   0.025610  -0.097521  -0.008063   0.028614  -0.008949  -0.023395  -0.017273  -0.028622  -0.005333  -0.118697   0.144877   1.000000   0.128130  -0.028803  -0.013416   0.054653   0.017781   0.004809 
 2580  2780   0.057967   0.053490   0.008886  -0.036298  -0.056401  -0.018142   0.032934  -0.017009  -0.067693  -0.031788   0.025893   0.021838  -0.006112  -0.008720  -0.017824   0.019132  -0.068763  -0.021740   0.128130   1.000000   0.179269  -0.064310   0.005281   0.002891   0.010516 
 2780  2980   0.053712   0.000783   0.018588   0.004451  -0.003194  -0.020521   0.007571   0.081781   0.031406   0.036264   0.019034   0.051935  -0.006337   0.001455   0.059338   0.022357   0.049366  -0.017331  -0.028803   0.179269   1.000000   0.188702  -0.095294   0.028990   0.002342 
 2980  3200   0.074507   0.027813  -0.010069  -0.028829  -0.017494   0.015398  -0.006703  -0.019777   0.026313  -0.036655   0.001402   0.073584   0.005189  -0.008168   0.025362   0.000243  -0.013751   0.013830  -0.013416  -0.064310   0.188702   1.000000   0.128131  -0.103145   0.004326 
 3200  3420   0.072140   0.002579  -0.054045  -0.017312   0.052644   0.008207  -0.019933   0.006324   0.019873  -0.026706  -0.066288   0.011501   0.010276   0.012352   0.019495   0.010970  -0.015297   0.010466   0.054653   0.005281  -0.095294   0.128131   1.000000   0.241306  -0.040314 
 3420  3660  -0.045701  -0.011317   0.016672   0.051785   0.028394  -0.010655  -0.002638  -0.014271   0.000805  -0.004779  -0.058329  -0.081978  -0.027121  -0.051850  -0.002358   0.013505  -0.020048   0.039117   0.017781   0.002891   0.028990  -0.103145   0.241306   1.000000   0.110740 
 3660  4700  -0.043839   0.041291   0.028693   0.047453  -0.009842   0.035043   0.082775  -0.014736  -0.049483  -0.007231   0.001725   0.041887  -0.001099  -0.041920  -0.011492  -0.011657  -0.046736   0.012992   0.004809   0.010516   0.002342   0.004326  -0.040314   0.110740   1.000000 

