&StatCorr


   Name1 = 'ATLAS 7 TeV Incjet data y_10_15 R=0.4'
   Name2 = 'ATLAS 7 TeV Incjet data y_10_15 R=0.4'

   NIdColumns1 = 2
   NIdColumns2 = 2

   IdColumns1 = 'pt1', 'pt2'
   IdColumns2 = 'pt1', 'pt2'

   NBins1 = 27
   NBins2 = 27

   MatrixFormatIsTable = true

   MatrixType = 'Statistical correlations'


&End 

   0   0         100        116        134        152        172        194        216        240        264        290        318        346        376        408        442        478        516        556        598        642        688        736        786        838        894       1012       1310  
   0   0         116        134        152        172        194        216        240        264        290        318        346        376        408        442        478        516        556        598        642        688        736        786        838        894       1012       1310       1992  
  100   116   1.000000   0.182247  -0.128195  -0.144169   0.036873  -0.012707   0.004460   0.017993  -0.021758  -0.051044   0.009772   0.001734  -0.019277  -0.011637   0.001519  -0.063480   0.051609   0.014022  -0.013845   0.019014  -0.015260  -0.005020   0.012649  -0.034453  -0.040920  -0.049214   0.005046 
  116   134   0.182247   1.000000   0.245054  -0.075467  -0.098862   0.036303  -0.043009  -0.029952  -0.025338  -0.004270   0.007502   0.019833   0.043187   0.027124   0.017519  -0.040729   0.055265  -0.013559  -0.007124   0.016383  -0.028472   0.006241  -0.019480   0.011402  -0.019820  -0.087672   0.008729 
  134   152  -0.128195   0.245054   1.000000   0.288246  -0.188528  -0.002369  -0.057072  -0.033881   0.011293  -0.039061  -0.011019  -0.020772   0.082180  -0.006393   0.024403   0.032948  -0.049004  -0.061819  -0.029749   0.001008   0.017331   0.010172   0.036983   0.060939   0.038356  -0.003870  -0.057396 
  152   172  -0.144169  -0.075467   0.288246   1.000000   0.125335  -0.114440  -0.054787  -0.025756  -0.012568  -0.026215   0.002374   0.010157   0.031547   0.020731   0.029323   0.012946  -0.002494  -0.053628   0.002169  -0.009781   0.020275   0.010307   0.012816  -0.022110  -0.026351   0.003456  -0.035056 
  172   194   0.036873  -0.098862  -0.188528   0.125335   1.000000   0.224438  -0.084938  -0.069575  -0.036238   0.011270  -0.021807  -0.040090   0.035322  -0.017250   0.060949   0.024523   0.028312  -0.065698  -0.040244   0.011237   0.016738  -0.000408  -0.007248  -0.057159   0.015422   0.054081   0.011273 
  194   216  -0.012707   0.036303  -0.002369  -0.114440   0.224438   1.000000   0.200837  -0.087245  -0.009576  -0.038487   0.002524  -0.045344   0.011869  -0.001144   0.085189   0.046037  -0.002034  -0.059605  -0.030300   0.082816   0.032563   0.004661  -0.007771   0.015234   0.006818  -0.019381  -0.020567 
  216   240   0.004460  -0.043009  -0.057072  -0.054787  -0.084938   0.200837   1.000000   0.155438  -0.025311  -0.070005  -0.006525  -0.044884  -0.036703  -0.009660  -0.009895  -0.013886  -0.044096  -0.004523   0.006545   0.080026   0.034135  -0.042331  -0.026535  -0.007097  -0.048970  -0.024894  -0.022069 
  240   264   0.017993  -0.029952  -0.033881  -0.025756  -0.069575  -0.087245   0.155438   1.000000   0.174206  -0.116845  -0.025248   0.023874  -0.030545   0.016757  -0.046621  -0.055338  -0.011197  -0.030088   0.030394   0.033741  -0.007454   0.036439   0.030620  -0.073448  -0.031303  -0.063319   0.005629 
  264   290  -0.021758  -0.025338   0.011293  -0.012568  -0.036238  -0.009576  -0.025311   0.174206   1.000000   0.247293  -0.054627  -0.041901   0.028668  -0.001678  -0.031278  -0.002449  -0.052325  -0.060154   0.015419   0.040080  -0.045943  -0.060641   0.035507   0.057122   0.013492   0.041698  -0.023585 
  290   318  -0.051044  -0.004270  -0.039061  -0.026215   0.011270  -0.038487  -0.070005  -0.116845   0.247293   1.000000   0.355465  -0.136207  -0.098769   0.010909  -0.028399   0.003427  -0.013817   0.006549   0.048602   0.010757  -0.001443  -0.013405  -0.012536   0.032454   0.002292  -0.006691  -0.017835 
  318   346   0.009772   0.007502  -0.011019   0.002374  -0.021807   0.002524  -0.006525  -0.025248  -0.054627   0.355465   1.000000   0.291026  -0.234136  -0.065031  -0.059322  -0.026284   0.026974   0.027455   0.020280   0.013569   0.000788   0.008835   0.017963   0.039663   0.040738   0.008473   0.070080 
  346   376   0.001734   0.019833  -0.020772   0.010157  -0.040090  -0.045344  -0.044884   0.023874  -0.041901  -0.136207   0.291026   1.000000   0.009455  -0.170890  -0.005694  -0.026477   0.024836   0.046991  -0.013839  -0.066568  -0.091567   0.030984   0.045130  -0.019091   0.010763   0.016632   0.045031 
  376   408  -0.019277   0.043187   0.082180   0.031547   0.035322   0.011869  -0.036703  -0.030545   0.028668  -0.098769  -0.234136   0.009455   1.000000  -0.048728  -0.088898   0.009325  -0.000123  -0.025794  -0.018101   0.013927   0.006773  -0.011393   0.019046   0.041649   0.014901   0.048402   0.020304 
  408   442  -0.011637   0.027124  -0.006393   0.020731  -0.017250  -0.001144  -0.009660   0.016757  -0.001678   0.010909  -0.065031  -0.170890  -0.048728   1.000000   0.037754  -0.158660  -0.081805   0.040831   0.033485   0.005957   0.009892  -0.017259   0.005933   0.019128  -0.044016  -0.008891   0.045236 
  442   478   0.001519   0.017519   0.024403   0.029323   0.060949   0.085189  -0.009895  -0.046621  -0.031278  -0.028399  -0.059322  -0.005694  -0.088898   0.037754   1.000000   0.037618  -0.178049  -0.055279  -0.044952  -0.014520  -0.007306   0.028132  -0.001120  -0.032669  -0.038131   0.024596  -0.019907 
  478   516  -0.063480  -0.040729   0.032948   0.012946   0.024523   0.046037  -0.013886  -0.055338  -0.002449   0.003427  -0.026284  -0.026477   0.009325  -0.158660   0.037618   1.000000  -0.094042  -0.228606  -0.061955   0.012433   0.011826   0.019139  -0.003269  -0.036935   0.037762  -0.002772  -0.028743 
  516   556   0.051609   0.055265  -0.049004  -0.002494   0.028312  -0.002034  -0.044096  -0.011197  -0.052325  -0.013817   0.026974   0.024836  -0.000123  -0.081805  -0.178049  -0.094042   1.000000   0.036991  -0.053497  -0.033210   0.046136   0.046254   0.032572  -0.004594  -0.009641  -0.010623   0.015717 
  556   598   0.014022  -0.013559  -0.061819  -0.053628  -0.065698  -0.059605  -0.004523  -0.030088  -0.060154   0.006549   0.027455   0.046991  -0.025794   0.040831  -0.055279  -0.228606   0.036991   1.000000   0.245607  -0.067531  -0.034031   0.007381  -0.003894   0.005340  -0.020653   0.005279   0.059252 
  598   642  -0.013845  -0.007124  -0.029749   0.002169  -0.040244  -0.030300   0.006545   0.030394   0.015419   0.048602   0.020280  -0.013839  -0.018101   0.033485  -0.044952  -0.061955  -0.053497   0.245607   1.000000   0.242548  -0.001866  -0.055862   0.044899   0.044683   0.006682  -0.029433   0.034578 
  642   688   0.019014   0.016383   0.001008  -0.009781   0.011237   0.082816   0.080026   0.033741   0.040080   0.010757   0.013569  -0.066568   0.013927   0.005957  -0.014520   0.012433  -0.033210  -0.067531   0.242548   1.000000   0.298312  -0.065158  -0.001953   0.033470  -0.004876  -0.023847  -0.001571 
  688   736  -0.015260  -0.028472   0.017331   0.020275   0.016738   0.032563   0.034135  -0.007454  -0.045943  -0.001443   0.000788  -0.091567   0.006773   0.009892  -0.007306   0.011826   0.046136  -0.034031  -0.001866   0.298312   1.000000   0.258887  -0.112251  -0.040855   0.024356   0.013232  -0.016575 
  736   786  -0.005020   0.006241   0.010172   0.010307  -0.000408   0.004661  -0.042331   0.036439  -0.060641  -0.013405   0.008835   0.030984  -0.011393  -0.017259   0.028132   0.019139   0.046254   0.007381  -0.055862  -0.065158   0.258887   1.000000   0.302445  -0.037785  -0.029837   0.009838   0.019743 
  786   838   0.012649  -0.019480   0.036983   0.012816  -0.007248  -0.007771  -0.026535   0.030620   0.035507  -0.012536   0.017963   0.045130   0.019046   0.005933  -0.001120  -0.003269   0.032572  -0.003894   0.044899  -0.001953  -0.112251   0.302445   1.000000   0.370328  -0.067339  -0.028497   0.010138 
  838   894  -0.034453   0.011402   0.060939  -0.022110  -0.057159   0.015234  -0.007097  -0.073448   0.057122   0.032454   0.039663  -0.019091   0.041649   0.019128  -0.032669  -0.036935  -0.004594   0.005340   0.044683   0.033470  -0.040855  -0.037785   0.370328   1.000000   0.245088  -0.067942  -0.014314 
  894  1012  -0.040920  -0.019820   0.038356  -0.026351   0.015422   0.006818  -0.048970  -0.031303   0.013492   0.002292   0.040738   0.010763   0.014901  -0.044016  -0.038131   0.037762  -0.009641  -0.020653   0.006682  -0.004876   0.024356  -0.029837  -0.067339   0.245088   1.000000   0.088615  -0.025575 
 1012  1310  -0.049214  -0.087672  -0.003870   0.003456   0.054081  -0.019381  -0.024894  -0.063319   0.041698  -0.006691   0.008473   0.016632   0.048402  -0.008891   0.024596  -0.002772  -0.010623   0.005279  -0.029433  -0.023847   0.013232   0.009838  -0.028497  -0.067942   0.088615   1.000000   0.032134 
 1310  1992   0.005046   0.008729  -0.057396  -0.035056   0.011273  -0.020567  -0.022069   0.005629  -0.023585  -0.017835   0.070080   0.045031   0.020304   0.045236  -0.019907  -0.028743   0.015717   0.059252   0.034578  -0.001571  -0.016575   0.019743   0.010138  -0.014314  -0.025575   0.032134   1.000000 

