&StatCorr


   Name1 = 'ATLAS 7 TeV Incjet data y_00_05 R=0.4'
   Name2 = 'ATLAS 7 TeV Incjet data y_00_05 R=0.4'

   NIdColumns1 = 2
   NIdColumns2 = 2

   IdColumns1 = 'pt1', 'pt2'
   IdColumns2 = 'pt1', 'pt2'

   NBins1 = 31
   NBins2 = 31

   MatrixFormatIsTable = true

   MatrixType = 'Statistical correlations'


&End 

   0   0         100        116        134        152        172        194        216        240        264        290        318        346        376        408        442        478        516        556        598        642        688        736        786        838        894        952       1012       1076       1162       1310       1530  
   0   0         116        134        152        172        194        216        240        264        290        318        346        376        408        442        478        516        556        598        642        688        736        786        838        894        952       1012       1076       1162       1310       1530       1992  
  100   116   1.000000   0.223635  -0.106635  -0.083768  -0.056497  -0.017743  -0.004790   0.018253  -0.037905  -0.022988   0.040483   0.031210   0.021371   0.006487  -0.027332  -0.008569   0.008981  -0.024980   0.008887  -0.009291  -0.026282  -0.048628   0.004882   0.037207   0.028102  -0.036690  -0.046193   0.032236   0.029416   0.061742   0.005228 
  116   134   0.223635   1.000000   0.263176  -0.042287  -0.099338   0.005983  -0.051540  -0.002611  -0.038093  -0.071328  -0.012759   0.035714   0.060877  -0.084508  -0.000285   0.036513  -0.064358  -0.027960  -0.027037  -0.028819   0.024821  -0.011323  -0.053677   0.025359   0.042174  -0.031570  -0.048901   0.014152   0.014992   0.026418   0.023146 
  134   152  -0.106635   0.263176   1.000000   0.299404  -0.148321  -0.053755   0.008617  -0.045050  -0.012565   0.008512  -0.018937  -0.041768   0.059978   0.012365   0.028152   0.047294  -0.009978   0.001440   0.024860   0.030499   0.050030   0.029322  -0.028814   0.000282   0.019017  -0.028061  -0.009657   0.000668   0.036439   0.045900   0.052526 
  152   172  -0.083768  -0.042287   0.299404   1.000000   0.172674  -0.092230  -0.034301  -0.075598   0.025390   0.017059  -0.039473  -0.040753   0.013137   0.020239  -0.017712   0.023144   0.048149   0.057099   0.004396   0.029690   0.031080  -0.009818   0.026472   0.005375  -0.058569  -0.079629   0.001626  -0.004118  -0.036946  -0.013888  -0.001411 
  172   194  -0.056497  -0.099338  -0.148321   0.172674   1.000000   0.184494  -0.051197  -0.036101  -0.011802   0.018324   0.003723  -0.042727  -0.042735  -0.035537  -0.045277   0.032094   0.037281   0.036389   0.006668   0.028437   0.029429   0.044309   0.016114  -0.030282  -0.047928   0.001720  -0.039785   0.000365  -0.052607  -0.057339   0.020586 
  194   216  -0.017743   0.005983  -0.053755  -0.092230   0.184494   1.000000   0.133071  -0.112314  -0.049023  -0.013677  -0.017156   0.041173  -0.017383  -0.003426   0.001399  -0.019556   0.069645  -0.042196   0.023326  -0.014299  -0.059253  -0.023386   0.006633   0.017012   0.022112   0.009185  -0.029647   0.020539   0.011171  -0.044124   0.043123 
  216   240  -0.004790  -0.051540   0.008617  -0.034301  -0.051197   0.133071   1.000000   0.174959  -0.078464  -0.021619   0.024458   0.021075  -0.036286  -0.031834   0.061960   0.052560   0.015962  -0.027335   0.012930  -0.053187   0.043274   0.027243  -0.013556   0.029235   0.033614   0.023625  -0.024637  -0.027717   0.045991   0.012979   0.024378 
  240   264   0.018253  -0.002611  -0.045050  -0.075598  -0.036101  -0.112314   0.174959   1.000000   0.173447  -0.032551  -0.058145  -0.018610   0.023905   0.046244  -0.005699   0.015646  -0.029515  -0.010860   0.004723   0.021373  -0.026043   0.012437   0.004617   0.012809   0.009106   0.013797  -0.001824  -0.039828  -0.001033  -0.008702  -0.053550 
  264   290  -0.037905  -0.038093  -0.012565   0.025390  -0.011802  -0.049023  -0.078464   0.173447   1.000000   0.278340  -0.053592  -0.126080  -0.033724  -0.026532  -0.003757   0.037662   0.046758   0.015599   0.006674   0.024637   0.000398   0.056813   0.025754  -0.010208  -0.042454   0.002401  -0.005170  -0.038193   0.025990   0.034657  -0.063432 
  290   318  -0.022988  -0.071328   0.008512   0.017059   0.018324  -0.013677  -0.021619  -0.032551   0.278340   1.000000   0.318679  -0.084027  -0.093419  -0.016503   0.025340   0.046825   0.001303  -0.005140   0.049710   0.008312   0.070513   0.056245  -0.020124  -0.019868   0.002317   0.022789   0.030805  -0.012149   0.024334   0.039106  -0.012884 
  318   346   0.040483  -0.012759  -0.018937  -0.039473   0.003723  -0.017156   0.024458  -0.058145  -0.053592   0.318679   1.000000   0.280674  -0.164866  -0.066756  -0.024343   0.016381  -0.000155  -0.051163   0.015874  -0.037269  -0.035952  -0.041416  -0.041094   0.032420  -0.004823  -0.042320  -0.040322  -0.035373  -0.006081   0.016360   0.024972 
  346   376   0.031210   0.035714  -0.041768  -0.040753  -0.042727   0.041173   0.021075  -0.018610  -0.126080  -0.084027   0.280674   1.000000   0.035040  -0.119929  -0.094941  -0.035793  -0.034753  -0.077502  -0.010554  -0.019315  -0.028539  -0.007787  -0.009375   0.052459   0.014762  -0.035427  -0.006647   0.035491  -0.020574   0.023222   0.026430 
  376   408   0.021371   0.060877   0.059978   0.013137  -0.042735  -0.017383  -0.036286   0.023905  -0.033724  -0.093419  -0.164866   0.035040   1.000000   0.057198  -0.123983  -0.068597   0.008240   0.030132  -0.028439   0.040356   0.019479  -0.038332   0.037896   0.012656   0.027950  -0.012375   0.007048   0.038707   0.031840   0.076020   0.049634 
  408   442   0.006487  -0.084508   0.012365   0.020239  -0.035537  -0.003426  -0.031834   0.046244  -0.026532  -0.016503  -0.066756  -0.119929   0.057198   1.000000  -0.060101  -0.132080  -0.061484   0.033705  -0.006833   0.053099  -0.046710  -0.042467  -0.040553   0.024200   0.028254   0.029848   0.055142   0.052402   0.014647   0.013222  -0.021340 
  442   478  -0.027332  -0.000285   0.028152  -0.017712  -0.045277   0.001399   0.061960  -0.005699  -0.003757   0.025340  -0.024343  -0.094941  -0.123983  -0.060101   1.000000   0.102395  -0.144834   0.030486   0.012336  -0.040736   0.063424   0.028934  -0.055956  -0.038991   0.009225   0.004545  -0.047699  -0.042528   0.023776  -0.019131   0.020268 
  478   516  -0.008569   0.036513   0.047294   0.023144   0.032094  -0.019556   0.052560   0.015646   0.037662   0.046825   0.016381  -0.035793  -0.068597  -0.132080   0.102395   1.000000   0.026465  -0.042418   0.010848  -0.031681  -0.006306  -0.017761   0.006144  -0.011731  -0.009213   0.015790  -0.015240  -0.014524  -0.000418  -0.034393   0.032974 
  516   556   0.008981  -0.064358  -0.009978   0.048149   0.037281   0.069645   0.015962  -0.029515   0.046758   0.001303  -0.000155  -0.034753   0.008240  -0.061484  -0.144834   0.026465   1.000000   0.017679  -0.056973  -0.006345  -0.031530  -0.026239   0.012669   0.009905  -0.024340   0.001185   0.009165   0.018010  -0.005608   0.020254  -0.040339 
  556   598  -0.024980  -0.027960   0.001440   0.057099   0.036389  -0.042196  -0.027335  -0.010860   0.015599  -0.005140  -0.051163  -0.077502   0.030132   0.033705   0.030486  -0.042418   0.017679   1.000000   0.156323  -0.032169   0.006133  -0.013020  -0.045939   0.002902  -0.005653   0.029506   0.020874   0.027442   0.045544   0.011320  -0.008185 
  598   642   0.008887  -0.027037   0.024860   0.004396   0.006668   0.023326   0.012930   0.004723   0.006674   0.049710   0.015874  -0.010554  -0.028439  -0.006833   0.012336   0.010848  -0.056973   0.156323   1.000000   0.199370  -0.047607  -0.071441  -0.015999   0.021979   0.008914   0.010585  -0.015329  -0.017480   0.027195  -0.010190   0.000114 
  642   688  -0.009291  -0.028819   0.030499   0.029690   0.028437  -0.014299  -0.053187   0.021373   0.024637   0.008312  -0.037269  -0.019315   0.040356   0.053099  -0.040736  -0.031681  -0.006345  -0.032169   0.199370   1.000000   0.202076  -0.054863  -0.045399   0.007270  -0.035003  -0.041294  -0.030342  -0.002262   0.005844   0.008557  -0.013416 
  688   736  -0.026282   0.024821   0.050030   0.031080   0.029429  -0.059253   0.043274  -0.026043   0.000398   0.070513  -0.035952  -0.028539   0.019479  -0.046710   0.063424  -0.006306  -0.031530   0.006133  -0.047607   0.202076   1.000000   0.299333  -0.051400  -0.009601   0.026918  -0.025429  -0.034489  -0.037244  -0.012314   0.004717   0.005316 
  736   786  -0.048628  -0.011323   0.029322  -0.009818   0.044309  -0.023386   0.027243   0.012437   0.056813   0.056245  -0.041416  -0.007787  -0.038332  -0.042467   0.028934  -0.017761  -0.026239  -0.013020  -0.071441  -0.054863   0.299333   1.000000   0.293049  -0.067282  -0.051157   0.002431  -0.016397  -0.004270  -0.015891  -0.018281   0.023566 
  786   838   0.004882  -0.053677  -0.028814   0.026472   0.016114   0.006633  -0.013556   0.004617   0.025754  -0.020124  -0.041094  -0.009375   0.037896  -0.040553  -0.055956   0.006144   0.012669  -0.045939  -0.015999  -0.045399  -0.051400   0.293049   1.000000   0.339969  -0.014834  -0.003657   0.013278   0.053990   0.031334   0.013061   0.049609 
  838   894   0.037207   0.025359   0.000282   0.005375  -0.030282   0.017012   0.029235   0.012809  -0.010208  -0.019868   0.032420   0.052459   0.012656   0.024200  -0.038991  -0.011731   0.009905   0.002902   0.021979   0.007270  -0.009601  -0.067282   0.339969   1.000000   0.364121   0.023453  -0.022450  -0.006390   0.032210   0.028212  -0.026931 
  894   952   0.028102   0.042174   0.019017  -0.058569  -0.047928   0.022112   0.033614   0.009106  -0.042454   0.002317  -0.004823   0.014762   0.027950   0.028254   0.009225  -0.009213  -0.024340  -0.005653   0.008914  -0.035003   0.026918  -0.051157  -0.014834   0.364121   1.000000   0.378252   0.021603   0.020733   0.009294  -0.024648   0.008096 
  952  1012  -0.036690  -0.031570  -0.028061  -0.079629   0.001720   0.009185   0.023625   0.013797   0.002401   0.022789  -0.042320  -0.035427  -0.012375   0.029848   0.004545   0.015790   0.001185   0.029506   0.010585  -0.041294  -0.025429   0.002431  -0.003657   0.023453   0.378252   1.000000   0.404582   0.059101  -0.021879  -0.076567  -0.015572 
 1012  1076  -0.046193  -0.048901  -0.009657   0.001626  -0.039785  -0.029647  -0.024637  -0.001824  -0.005170   0.030805  -0.040322  -0.006647   0.007048   0.055142  -0.047699  -0.015240   0.009165   0.020874  -0.015329  -0.030342  -0.034489  -0.016397   0.013278  -0.022450   0.021603   0.404582   1.000000   0.401281  -0.016182  -0.009464  -0.032257 
 1076  1162   0.032236   0.014152   0.000668  -0.004118   0.000365   0.020539  -0.027717  -0.039828  -0.038193  -0.012149  -0.035373   0.035491   0.038707   0.052402  -0.042528  -0.014524   0.018010   0.027442  -0.017480  -0.002262  -0.037244  -0.004270   0.053990  -0.006390   0.020733   0.059101   0.401281   1.000000   0.245583   0.008988   0.038619 
 1162  1310   0.029416   0.014992   0.036439  -0.036946  -0.052607   0.011171   0.045991  -0.001033   0.025990   0.024334  -0.006081  -0.020574   0.031840   0.014647   0.023776  -0.000418  -0.005608   0.045544   0.027195   0.005844  -0.012314  -0.015891   0.031334   0.032210   0.009294  -0.021879  -0.016182   0.245583   1.000000   0.176964   0.004254 
 1310  1530   0.061742   0.026418   0.045900  -0.013888  -0.057339  -0.044124   0.012979  -0.008702   0.034657   0.039106   0.016360   0.023222   0.076020   0.013222  -0.019131  -0.034393   0.020254   0.011320  -0.010190   0.008557   0.004717  -0.018281   0.013061   0.028212  -0.024648  -0.076567  -0.009464   0.008988   0.176964   1.000000   0.117091 
 1530  1992   0.005228   0.023146   0.052526  -0.001411   0.020586   0.043123   0.024378  -0.053550  -0.063432  -0.012884   0.024972   0.026430   0.049634  -0.021340   0.020268   0.032974  -0.040339  -0.008185   0.000114  -0.013416   0.005316   0.023566   0.049609  -0.026931   0.008096  -0.015572  -0.032257   0.038619   0.004254   0.117091   1.000000 

