&StatCorr


   Name1 = 'ATLAS 7 TeV Trijet data y_8_10 R=0.4'
   Name2 = 'ATLAS 7 TeV Trijet data y_8_10 R=0.4'

   NIdColumns1 = 2
   NIdColumns2 = 2

   IdColumns1 = 'pt1', 'pt2'
   IdColumns2 = 'pt1', 'pt2'

   NBins1 = 13
   NBins2 = 13

   MatrixFormatIsTable = true

   MatrixType = 'Statistical correlations'


&End 

   0   0        1060       1180       1300       1440       1580       1740       1920       2120       2320       2720       3140       3580       4180  
   0   0        1180       1300       1440       1580       1740       1920       2120       2320       2720       3140       3580       4180       5500  
 1060  1180   1.000000   0.151679  -0.167629   0.022740   0.042557   0.027264  -0.002408   0.022769   0.012591   0.045588   0.025325  -0.014589   0.015130 
 1180  1300   0.151679   1.000000   0.095325  -0.189596  -0.002770   0.000108  -0.037312   0.007251  -0.026897   0.012506   0.033367  -0.037265  -0.013029 
 1300  1440  -0.167629   0.095325   1.000000   0.050350  -0.113530  -0.009343  -0.010718  -0.068819  -0.034364   0.033858  -0.033325  -0.005729   0.032962 
 1440  1580   0.022740  -0.189596   0.050350   1.000000   0.069279  -0.115785  -0.032390  -0.026208   0.006138   0.049989  -0.046239  -0.019591  -0.000464 
 1580  1740   0.042557  -0.002770  -0.113530   0.069279   1.000000   0.047329  -0.125095   0.013597  -0.009147  -0.036636   0.043334   0.016197  -0.002995 
 1740  1920   0.027264   0.000108  -0.009343  -0.115785   0.047329   1.000000   0.074482  -0.149960  -0.002536   0.004858   0.006870   0.017179   0.014232 
 1920  2120  -0.002408  -0.037312  -0.010718  -0.032390  -0.125095   0.074482   1.000000   0.111332  -0.028617  -0.026013  -0.025957   0.033793  -0.024267 
 2120  2320   0.022769   0.007251  -0.068819  -0.026208   0.013597  -0.149960   0.111332   1.000000   0.092060  -0.016764   0.019699  -0.041641   0.003244 
 2320  2720   0.012591  -0.026897  -0.034364   0.006138  -0.009147  -0.002536  -0.028617   0.092060   1.000000   0.023217  -0.044095  -0.078811  -0.005679 
 2720  3140   0.045588   0.012506   0.033858   0.049989  -0.036636   0.004858  -0.026013  -0.016764   0.023217   1.000000   0.003963  -0.039532   0.004817 
 3140  3580   0.025325   0.033367  -0.033325  -0.046239   0.043334   0.006870  -0.025957   0.019699  -0.044095   0.003963   1.000000   0.022661   0.007819 
 3580  4180  -0.014589  -0.037265  -0.005729  -0.019591   0.016197   0.017179   0.033793  -0.041641  -0.078811  -0.039532   0.022661   1.000000   0.038988 
 4180  5500   0.015130  -0.013029   0.032962  -0.000464  -0.002995   0.014232  -0.024267   0.003244  -0.005679   0.004817   0.007819   0.038988   1.000000 

