&StatCorr


   Name1 = 'ATLAS 7 TeV Incjet data y_10_15 R=0.6'
   Name2 = 'ATLAS 7 TeV Incjet data y_10_15 R=0.6'

   NIdColumns1 = 2
   NIdColumns2 = 2

   IdColumns1 = 'pt1', 'pt2'
   IdColumns2 = 'pt1', 'pt2'

   NBins1 = 27
   NBins2 = 27

   MatrixFormatIsTable = true

   MatrixType = 'Statistical correlations'


&End 

   0   0         100        116        134        152        172        194        216        240        264        290        318        346        376        408        442        478        516        556        598        642        688        736        786        838        894       1012       1310  
   0   0         116        134        152        172        194        216        240        264        290        318        346        376        408        442        478        516        556        598        642        688        736        786        838        894       1012       1310       1992  
  100   116   1.000000   0.209657  -0.114784  -0.104553  -0.054787  -0.012298   0.014919  -0.007554  -0.024397   0.031342   0.071748   0.081024  -0.048801  -0.063909  -0.012182  -0.055612   0.032840   0.039389  -0.004801  -0.018358  -0.060198  -0.051945  -0.020384  -0.013974   0.027539  -0.006611   0.009057 
  116   134   0.209657   1.000000   0.237472  -0.046643  -0.111064  -0.044287  -0.032520  -0.034210   0.003415  -0.026546  -0.001152   0.030107   0.009332   0.026473  -0.028982  -0.049023   0.017487  -0.012829  -0.050485  -0.037992  -0.031332  -0.020365   0.004598  -0.016532  -0.007874  -0.068080   0.020606 
  134   152  -0.114784   0.237472   1.000000   0.279308  -0.101005  -0.008016   0.054061  -0.024865  -0.014994  -0.060041  -0.063413  -0.028537   0.046915  -0.030247   0.031782   0.053471  -0.036002  -0.033925  -0.054465  -0.033857   0.032830   0.036294  -0.007045   0.015554   0.028624  -0.063007  -0.049259 
  152   172  -0.104553  -0.046643   0.279308   1.000000   0.108065  -0.112626  -0.062095  -0.031687  -0.021107  -0.073173  -0.051531   0.012962  -0.013926  -0.021389   0.027719   0.072251   0.021619  -0.042464  -0.022029  -0.019865   0.035748   0.034575   0.035144   0.006631  -0.036618  -0.001895  -0.040286 
  172   194  -0.054787  -0.111064  -0.101005   0.108065   1.000000   0.184977  -0.137912   0.004542   0.038387   0.019514  -0.015624  -0.018132   0.013183   0.001903  -0.020033  -0.008880  -0.018464  -0.023375  -0.016963  -0.026300   0.042844   0.066650   0.002498  -0.033991   0.012495   0.059538   0.029950 
  194   216  -0.012298  -0.044287  -0.008016  -0.112626   0.184977   1.000000   0.093641  -0.102528  -0.049870   0.065991  -0.014227  -0.079964  -0.006722   0.022269   0.078406   0.014983  -0.051054  -0.018622  -0.000088   0.044704   0.035703   0.002318  -0.007352  -0.015915  -0.014943  -0.029526   0.016182 
  216   240   0.014919  -0.032520   0.054061  -0.062095  -0.137912   0.093641   1.000000   0.166331  -0.115817  -0.079889   0.008779   0.003769   0.043223  -0.039868   0.049520  -0.016896  -0.029533  -0.048203   0.015637   0.060074   0.068881  -0.018698  -0.008641   0.020904  -0.015660  -0.021646   0.000332 
  240   264  -0.007554  -0.034210  -0.024865  -0.031687   0.004542  -0.102528   0.166331   1.000000   0.197320  -0.138642  -0.017693   0.025514   0.022483  -0.005191   0.017144  -0.007009  -0.035877  -0.004760   0.005130  -0.045832  -0.039069   0.024095   0.009629  -0.016051  -0.042088  -0.060864   0.001279 
  264   290  -0.024397   0.003415  -0.014994  -0.021107   0.038387  -0.049870  -0.115817   0.197320   1.000000   0.231586  -0.097508  -0.050088   0.026049   0.057568  -0.041800  -0.016401  -0.030196  -0.053467   0.042861   0.038967  -0.046500  -0.049307   0.006139   0.034183  -0.023506   0.033684  -0.070469 
  290   318   0.031342  -0.026546  -0.060041  -0.073173   0.019514   0.065991  -0.079889  -0.138642   0.231586   1.000000   0.323273  -0.128826  -0.037860   0.001229  -0.044746  -0.018501   0.010040   0.057706  -0.010115   0.009316   0.025040  -0.025046  -0.007701   0.009958   0.024367  -0.005579  -0.028041 
  318   346   0.071748  -0.001152  -0.063413  -0.051531  -0.015624  -0.014227   0.008779  -0.017693  -0.097508   0.323273   1.000000   0.231902  -0.216028  -0.076906  -0.035086  -0.034606   0.067222   0.038221  -0.030921   0.014713   0.004214  -0.003328  -0.000221   0.039895   0.061983  -0.024973   0.030895 
  346   376   0.081024   0.030107  -0.028537   0.012962  -0.018132  -0.079964   0.003769   0.025514  -0.050088  -0.128826   0.231902   1.000000  -0.063786  -0.130254  -0.022246  -0.059371   0.016287   0.028731  -0.017505  -0.044972  -0.012155  -0.003261   0.023634   0.002136   0.017614  -0.010669   0.054310 
  376   408  -0.048801   0.009332   0.046915  -0.013926   0.013183  -0.006722   0.043223   0.022483   0.026049  -0.037860  -0.216028  -0.063786   1.000000  -0.056528  -0.119285  -0.055761   0.049560   0.035965   0.005111  -0.031225   0.030026   0.031481   0.040739   0.073903   0.012909   0.020849  -0.017177 
  408   442  -0.063909   0.026473  -0.030247  -0.021389   0.001903   0.022269  -0.039868  -0.005191   0.057568   0.001229  -0.076906  -0.130254  -0.056528   1.000000  -0.044728  -0.155087  -0.050434  -0.018899   0.037238   0.034015  -0.033511  -0.043178   0.006123   0.006056  -0.029683   0.012565   0.068822 
  442   478  -0.012182  -0.028982   0.031782   0.027719  -0.020033   0.078406   0.049520   0.017144  -0.041800  -0.044746  -0.035086  -0.022246  -0.119285  -0.044728   1.000000   0.009675  -0.146661  -0.095297   0.017201  -0.002585  -0.057162   0.023395   0.024672  -0.027789  -0.021967   0.000062  -0.018203 
  478   516  -0.055612  -0.049023   0.053471   0.072251  -0.008880   0.014983  -0.016896  -0.007009  -0.016401  -0.018501  -0.034606  -0.059371  -0.055761  -0.155087   0.009675   1.000000  -0.067792  -0.237253  -0.004432   0.052660  -0.010308  -0.016329  -0.026520  -0.043684   0.022854  -0.008220  -0.000590 
  516   556   0.032840   0.017487  -0.036002   0.021619  -0.018464  -0.051054  -0.029533  -0.035877  -0.030196   0.010040   0.067222   0.016287   0.049560  -0.050434  -0.146661  -0.067792   1.000000   0.041572  -0.089044   0.010186   0.047698   0.042789  -0.024006   0.017296  -0.011295  -0.008812  -0.005224 
  556   598   0.039389  -0.012829  -0.033925  -0.042464  -0.023375  -0.018622  -0.048203  -0.004760  -0.053467   0.057706   0.038221   0.028731   0.035965  -0.018899  -0.095297  -0.237253   0.041572   1.000000   0.162113  -0.081406  -0.018396  -0.001491  -0.025760   0.030876  -0.004946  -0.021174   0.034824 
  598   642  -0.004801  -0.050485  -0.054465  -0.022029  -0.016963  -0.000088   0.015637   0.005130   0.042861  -0.010115  -0.030921  -0.017505   0.005111   0.037238   0.017201  -0.004432  -0.089044   0.162113   1.000000   0.204107  -0.063250  -0.016422   0.039085   0.033494   0.033226   0.010390   0.054833 
  642   688  -0.018358  -0.037992  -0.033857  -0.019865  -0.026300   0.044704   0.060074  -0.045832   0.038967   0.009316   0.014713  -0.044972  -0.031225   0.034015  -0.002585   0.052660   0.010186  -0.081406   0.204107   1.000000   0.262600  -0.040445  -0.018137   0.020720  -0.011704  -0.015899   0.003245 
  688   736  -0.060198  -0.031332   0.032830   0.035748   0.042844   0.035703   0.068881  -0.039069  -0.046500   0.025040   0.004214  -0.012155   0.030026  -0.033511  -0.057162  -0.010308   0.047698  -0.018396  -0.063250   0.262600   1.000000   0.272027  -0.091433  -0.053828   0.007779   0.009346  -0.008784 
  736   786  -0.051945  -0.020365   0.036294   0.034575   0.066650   0.002318  -0.018698   0.024095  -0.049307  -0.025046  -0.003328  -0.003261   0.031481  -0.043178   0.023395  -0.016329   0.042789  -0.001491  -0.016422  -0.040445   0.272027   1.000000   0.353439  -0.054411  -0.052953   0.003804   0.021778 
  786   838  -0.020384   0.004598  -0.007045   0.035144   0.002498  -0.007352  -0.008641   0.009629   0.006139  -0.007701  -0.000221   0.023634   0.040739   0.006123   0.024672  -0.026520  -0.024006  -0.025760   0.039085  -0.018137  -0.091433   0.353439   1.000000   0.377981  -0.045251  -0.030208  -0.019185 
  838   894  -0.013974  -0.016532   0.015554   0.006631  -0.033991  -0.015915   0.020904  -0.016051   0.034183   0.009958   0.039895   0.002136   0.073903   0.006056  -0.027789  -0.043684   0.017296   0.030876   0.033494   0.020720  -0.053828  -0.054411   0.377981   1.000000   0.255682  -0.071480  -0.030951 
  894  1012   0.027539  -0.007874   0.028624  -0.036618   0.012495  -0.014943  -0.015660  -0.042088  -0.023506   0.024367   0.061983   0.017614   0.012909  -0.029683  -0.021967   0.022854  -0.011295  -0.004946   0.033226  -0.011704   0.007779  -0.052953  -0.045251   0.255682   1.000000   0.128041  -0.036919 
 1012  1310  -0.006611  -0.068080  -0.063007  -0.001895   0.059538  -0.029526  -0.021646  -0.060864   0.033684  -0.005579  -0.024973  -0.010669   0.020849   0.012565   0.000062  -0.008220  -0.008812  -0.021174   0.010390  -0.015899   0.009346   0.003804  -0.030208  -0.071480   0.128041   1.000000   0.022137 
 1310  1992   0.009057   0.020606  -0.049259  -0.040286   0.029950   0.016182   0.000332   0.001279  -0.070469  -0.028041   0.030895   0.054310  -0.017177   0.068822  -0.018203  -0.000590  -0.005224   0.034824   0.054833   0.003245  -0.008784   0.021778  -0.019185  -0.030951  -0.036919   0.022137   1.000000 

