&StatCorr


   Name1 = 'ATLAS 7 TeV Trijet data y_4_6 R=0.4'
   Name2 = 'ATLAS 7 TeV Trijet data y_4_6 R=0.4'

   NIdColumns1 = 2
   NIdColumns2 = 2

   IdColumns1 = 'pt1', 'pt2'
   IdColumns2 = 'pt1', 'pt2'

   NBins1 = 25
   NBins2 = 25

   MatrixFormatIsTable = true

   MatrixType = 'Statistical correlations'


&End 

   0   0         500        540        600        660        720        800        880        960       1060       1160       1260       1380       1500       1620       1760       1900       2060       2220       2400       2580       2780       2980       3200       3420       3660  
   0   0         540        600        660        720        800        880        960       1060       1160       1260       1380       1500       1620       1760       1900       2060       2220       2400       2580       2780       2980       3200       3420       3660       4700  
  500   540   1.000000   0.205068  -0.110922  -0.117117  -0.038065   0.002210   0.004672   0.004486  -0.020371   0.061989   0.018695   0.013131   0.032272   0.034053  -0.029310  -0.004012  -0.042424  -0.043103   0.005699  -0.025172  -0.004045  -0.014876  -0.003912  -0.010671  -0.022980 
  540   600   0.205068   1.000000   0.147121  -0.121416  -0.052443  -0.030587  -0.005353   0.046200   0.006414   0.014825   0.018841   0.003401  -0.003738  -0.018691   0.032077   0.042560   0.059839  -0.038125   0.028197  -0.052102  -0.036223  -0.024104  -0.022758  -0.080217   0.039937 
  600   660  -0.110922   0.147121   1.000000   0.296005  -0.091242  -0.061732   0.001680   0.032042  -0.007333   0.032387  -0.001412  -0.019997  -0.004058   0.003374   0.013018   0.021005   0.023568   0.058458  -0.000672  -0.058694  -0.015194  -0.030141  -0.051833  -0.057131  -0.002712 
  660   720  -0.117117  -0.121416   0.296005   1.000000   0.196113  -0.141191  -0.056898   0.021778  -0.001914   0.026994   0.027305  -0.017161  -0.088719  -0.009597  -0.068413   0.007234   0.036468   0.042145  -0.004535  -0.040802  -0.044301  -0.019673  -0.037603   0.077852   0.023020 
  720   800  -0.038065  -0.052443  -0.091242   0.196113   1.000000   0.099919  -0.198308  -0.055038  -0.024506  -0.011525  -0.036017   0.018793   0.006988  -0.026848  -0.046218   0.035406   0.023530  -0.022129   0.002384   0.019121  -0.033725   0.011166   0.017165   0.052428  -0.014577 
  800   880   0.002210  -0.030587  -0.061732  -0.141191   0.099919   1.000000   0.223640  -0.122518  -0.029002   0.021070  -0.047371  -0.027011   0.048516   0.028591  -0.003812  -0.028285  -0.028301  -0.009185  -0.007682  -0.004579   0.030504  -0.015003  -0.042230  -0.030819  -0.047693 
  880   960   0.004672  -0.005353   0.001680  -0.056898  -0.198308   0.223640   1.000000   0.184188  -0.094212  -0.025477   0.006658  -0.023896   0.008763   0.037962   0.019954   0.015386  -0.015000   0.004538  -0.026166  -0.032458   0.015205  -0.009408  -0.009654  -0.027327   0.038871 
  960  1060   0.004486   0.046200   0.032042   0.021778  -0.055038  -0.122518   0.184188   1.000000   0.247393  -0.101729  -0.104677  -0.002296  -0.019055  -0.022209   0.074997  -0.012492   0.008489   0.031651  -0.013902   0.008738   0.050592   0.048308   0.034497   0.011690  -0.043844 
 1060  1160  -0.020371   0.006414  -0.007333  -0.001914  -0.024506  -0.029002  -0.094212   0.247393   1.000000   0.182171  -0.181048  -0.025989   0.050897  -0.017148  -0.018290   0.000052   0.063206   0.002270  -0.010141   0.003639  -0.014813  -0.005839   0.037183   0.035182  -0.026684 
 1160  1260   0.061989   0.014825   0.032387   0.026994  -0.011525   0.021070  -0.025477  -0.101729   0.182171   1.000000   0.154275  -0.139659  -0.054054   0.042243  -0.074319  -0.046861  -0.006503  -0.028524  -0.017301   0.023694   0.033449   0.031753  -0.024521  -0.036798   0.000934 
 1260  1380   0.018695   0.018841  -0.001412   0.027305  -0.036017  -0.047371   0.006658  -0.104677  -0.181048   0.154275   1.000000   0.158843  -0.179730  -0.031583   0.046839  -0.058362  -0.003899  -0.008682  -0.017277   0.013710   0.026971   0.010101  -0.025404  -0.053949  -0.001041 
 1380  1500   0.013131   0.003401  -0.019997  -0.017161   0.018793  -0.027011  -0.023896  -0.002296  -0.025989  -0.139659   0.158843   1.000000   0.227996  -0.155423  -0.006131  -0.000435   0.042732   0.060966   0.003892  -0.007759   0.008627   0.010320   0.014722  -0.004454   0.023419 
 1500  1620   0.032272  -0.003738  -0.004058  -0.088719   0.006988   0.048516   0.008763  -0.019055   0.050897  -0.054054  -0.179730   0.227996   1.000000   0.089184  -0.123007  -0.074161  -0.010903   0.052762   0.017717   0.018611   0.014732  -0.046438  -0.025770  -0.007362   0.025671 
 1620  1760   0.034053  -0.018691   0.003374  -0.009597  -0.026848   0.028591   0.037962  -0.022209  -0.017148   0.042243  -0.031583  -0.155423   0.089184   1.000000   0.102370  -0.115437  -0.049724  -0.036650   0.004256   0.012320   0.067434  -0.020689  -0.005716   0.020688  -0.022308 
 1760  1900  -0.029310   0.032077   0.013018  -0.068413  -0.046218  -0.003812   0.019954   0.074997  -0.018290  -0.074319   0.046839  -0.006131  -0.123007   0.102370   1.000000   0.214949  -0.109594  -0.051164   0.012711   0.051654   0.034104   0.022207   0.020862  -0.009691  -0.035919 
 1900  2060  -0.004012   0.042560   0.021005   0.007234   0.035406  -0.028285   0.015386  -0.012492   0.000052  -0.046861  -0.058362  -0.000435  -0.074161  -0.115437   0.214949   1.000000   0.096033  -0.082472   0.009823   0.026787   0.010325  -0.007997   0.023043   0.015110  -0.018257 
 2060  2220  -0.042424   0.059839   0.023568   0.036468   0.023530  -0.028301  -0.015000   0.008489   0.063206  -0.006503  -0.003899   0.042732  -0.010903  -0.049724  -0.109594   0.096033   1.000000   0.084544  -0.072280  -0.043240   0.021216   0.013171  -0.021429   0.000716  -0.001415 
 2220  2400  -0.043103  -0.038125   0.058458   0.042145  -0.022129  -0.009185   0.004538   0.031651   0.002270  -0.028524  -0.008682   0.060966   0.052762  -0.036650  -0.051164  -0.082472   0.084544   1.000000   0.155716  -0.099146  -0.050277  -0.001928  -0.022655   0.009538  -0.031302 
 2400  2580   0.005699   0.028197  -0.000672  -0.004535   0.002384  -0.007682  -0.026166  -0.013902  -0.010141  -0.017301  -0.017277   0.003892   0.017717   0.004256   0.012711   0.009823  -0.072280   0.155716   1.000000   0.172222  -0.076460   0.014515   0.007588   0.048474  -0.030428 
 2580  2780  -0.025172  -0.052102  -0.058694  -0.040802   0.019121  -0.004579  -0.032458   0.008738   0.003639   0.023694   0.013710  -0.007759   0.018611   0.012320   0.051654   0.026787  -0.043240  -0.099146   0.172222   1.000000   0.146369  -0.039209  -0.007419   0.045710   0.048043 
 2780  2980  -0.004045  -0.036223  -0.015194  -0.044301  -0.033725   0.030504   0.015205   0.050592  -0.014813   0.033449   0.026971   0.008627   0.014732   0.067434   0.034104   0.010325   0.021216  -0.050277  -0.076460   0.146369   1.000000   0.196089  -0.038394  -0.017048   0.009124 
 2980  3200  -0.014876  -0.024104  -0.030141  -0.019673   0.011166  -0.015003  -0.009408   0.048308  -0.005839   0.031753   0.010101   0.010320  -0.046438  -0.020689   0.022207  -0.007997   0.013171  -0.001928   0.014515  -0.039209   0.196089   1.000000   0.200357  -0.091871   0.047615 
 3200  3420  -0.003912  -0.022758  -0.051833  -0.037603   0.017165  -0.042230  -0.009654   0.034497   0.037183  -0.024521  -0.025404   0.014722  -0.025770  -0.005716   0.020862   0.023043  -0.021429  -0.022655   0.007588  -0.007419  -0.038394   0.200357   1.000000   0.191914  -0.032844 
 3420  3660  -0.010671  -0.080217  -0.057131   0.077852   0.052428  -0.030819  -0.027327   0.011690   0.035182  -0.036798  -0.053949  -0.004454  -0.007362   0.020688  -0.009691   0.015110   0.000716   0.009538   0.048474   0.045710  -0.017048  -0.091871   0.191914   1.000000   0.052611 
 3660  4700  -0.022980   0.039937  -0.002712   0.023020  -0.014577  -0.047693   0.038871  -0.043844  -0.026684   0.000934  -0.001041   0.023419   0.025671  -0.022308  -0.035919  -0.018257  -0.001415  -0.031302  -0.030428   0.048043   0.009124   0.047615  -0.032844   0.052611   1.000000 

