&StatCorr


   Name1 = 'ATLAS 7 TeV Trijet data y_0_2 R=0.4'
   Name2 = 'ATLAS 7 TeV Trijet data y_0_2 R=0.4'

   NIdColumns1 = 2
   NIdColumns2 = 2

   IdColumns1 = 'pt1', 'pt2'
   IdColumns2 = 'pt1', 'pt2'

   NBins1 = 25
   NBins2 = 25

   MatrixFormatIsTable = true

   MatrixType = 'Statistical correlations'


&End 

   0   0         340        380        420        460        500        540        600        660        720        780        860        940       1020       1120       1220       1340       1460       1600       1760       1940       2140       2360       2600       2840       3100  
   0   0         380        420        460        500        540        600        660        720        780        860        940       1020       1120       1220       1340       1460       1600       1760       1940       2140       2360       2600       2840       3100       3900  
  340   380   1.000000   0.180519  -0.111945  -0.059080  -0.022834  -0.009218   0.026900   0.033596  -0.027723   0.021632  -0.006959   0.027455   0.031517   0.007066   0.027763  -0.015619  -0.038115   0.004693  -0.024416  -0.049245  -0.015994   0.038080  -0.032427  -0.016540   0.020914 
  380   420   0.180519   1.000000   0.223007  -0.152907  -0.032939  -0.021279   0.039492   0.065273   0.024744   0.064741   0.003925  -0.015430  -0.004417   0.030313   0.008155  -0.021506  -0.004863  -0.011705   0.034269   0.003477  -0.057225  -0.000545  -0.004308  -0.046021  -0.021277 
  420   460  -0.111945   0.223007   1.000000   0.420699  -0.175105  -0.100229   0.013193   0.047536  -0.006107   0.029427  -0.013336  -0.038509  -0.000185   0.029560  -0.000780  -0.004097  -0.002442   0.030146  -0.015974  -0.010385   0.003212  -0.005281  -0.039861  -0.084230  -0.016641 
  460   500  -0.059080  -0.152907   0.420699   1.000000   0.226074  -0.132089  -0.008735   0.045573  -0.035143  -0.007700  -0.015871  -0.034658  -0.022907  -0.020318  -0.002884  -0.006642   0.007063  -0.007797  -0.028539  -0.025372   0.043027   0.033454   0.005580  -0.029015  -0.072268 
  500   540  -0.022834  -0.032939  -0.175105   0.226074   1.000000   0.250411  -0.072552  -0.063201  -0.060031  -0.018796   0.047057  -0.031185  -0.002004  -0.046871  -0.037476   0.001261   0.017378  -0.028554  -0.034779  -0.029582   0.008892  -0.006043  -0.015705   0.021901   0.002274 
  540   600  -0.009218  -0.021279  -0.100229  -0.132089   0.250411   1.000000   0.224045  -0.180669  -0.064158  -0.006903  -0.009756   0.020693   0.053276  -0.014563  -0.014949   0.035346   0.009491   0.020563  -0.001820   0.004703   0.009390  -0.026531  -0.035670  -0.053290   0.013460 
  600   660   0.026900   0.039492   0.013193  -0.008735  -0.072552   0.224045   1.000000   0.337730  -0.152189  -0.070326  -0.052034   0.028415   0.007471   0.017247   0.029027  -0.035837  -0.019237   0.017394  -0.008932  -0.009407   0.040112  -0.023816  -0.028157  -0.013414   0.016685 
  660   720   0.033596   0.065273   0.047536   0.045573  -0.063201  -0.180669   0.337730   1.000000   0.088077  -0.134103  -0.100260  -0.038888  -0.014154   0.005046   0.031013  -0.025065  -0.062489  -0.047284   0.025055   0.013813   0.006603  -0.005619  -0.003805   0.014682   0.106211 
  720   780  -0.027723   0.024744  -0.006107  -0.035143  -0.060031  -0.064158  -0.152189   0.088077   1.000000   0.205783  -0.148078  -0.067640   0.027073   0.003632  -0.053837   0.053150   0.014980  -0.001508   0.019831   0.033015  -0.055388   0.001201   0.012249  -0.005099   0.004579 
  780   860   0.021632   0.064741   0.029427  -0.007700  -0.018796  -0.006903  -0.070326  -0.134103   0.205783   1.000000   0.180097  -0.100705  -0.012106  -0.004730   0.030420   0.002149   0.015419  -0.035457  -0.031599   0.011556  -0.060995   0.005438   0.006766  -0.033034  -0.014952 
  860   940  -0.006959   0.003925  -0.013336  -0.015871   0.047057  -0.009756  -0.052034  -0.100260  -0.148078   0.180097   1.000000   0.109388  -0.156984  -0.020747   0.003015  -0.000547   0.038374  -0.000180  -0.019964   0.037674   0.023575   0.026861   0.002141  -0.011603   0.002258 
  940  1020   0.027455  -0.015430  -0.038509  -0.034658  -0.031185   0.020693   0.028415  -0.038888  -0.067640  -0.100705   0.109388   1.000000   0.243951  -0.133227  -0.080204  -0.021920  -0.009598  -0.057398   0.019450   0.027112   0.010993   0.025483   0.012178   0.026852   0.037176 
 1020  1120   0.031517  -0.004417  -0.000185  -0.022907  -0.002004   0.053276   0.007471  -0.014154   0.027073  -0.012106  -0.156984   0.243951   1.000000   0.063022  -0.079169  -0.054186   0.041443  -0.050516   0.007949  -0.015444   0.016989   0.064306   0.032124   0.048828   0.014364 
 1120  1220   0.007066   0.030313   0.029560  -0.020318  -0.046871  -0.014563   0.017247   0.005046   0.003632  -0.004730  -0.020747  -0.133227   0.063022   1.000000   0.078009  -0.074966  -0.073662   0.001795  -0.019970   0.003314  -0.025242  -0.007686  -0.021079   0.033163   0.035291 
 1220  1340   0.027763   0.008155  -0.000780  -0.002884  -0.037476  -0.014949   0.029027   0.031013  -0.053837   0.030420   0.003015  -0.080204  -0.079169   0.078009   1.000000   0.102906  -0.104489  -0.024939   0.060066  -0.026384  -0.009965  -0.022108  -0.019839   0.010854  -0.008078 
 1340  1460  -0.015619  -0.021506  -0.004097  -0.006642   0.001261   0.035346  -0.035837  -0.025065   0.053150   0.002149  -0.000547  -0.021920  -0.054186  -0.074966   0.102906   1.000000   0.102827  -0.045644   0.026026   0.005062  -0.006373   0.038620  -0.044637  -0.030959   0.000274 
 1460  1600  -0.038115  -0.004863  -0.002442   0.007063   0.017378   0.009491  -0.019237  -0.062489   0.014980   0.015419   0.038374  -0.009598   0.041443  -0.073662  -0.104489   0.102827   1.000000   0.051696  -0.064123  -0.034849  -0.004452   0.021555  -0.015781   0.015835  -0.069997 
 1600  1760   0.004693  -0.011705   0.030146  -0.007797  -0.028554   0.020563   0.017394  -0.047284  -0.001508  -0.035457  -0.000180  -0.057398  -0.050516   0.001795  -0.024939  -0.045644   0.051696   1.000000   0.090001  -0.057883  -0.042251  -0.018537   0.043776   0.012623  -0.014851 
 1760  1940  -0.024416   0.034269  -0.015974  -0.028539  -0.034779  -0.001820  -0.008932   0.025055   0.019831  -0.031599  -0.019964   0.019450   0.007949  -0.019970   0.060066   0.026026  -0.064123   0.090001   1.000000  -0.001711  -0.116726   0.010100   0.042759   0.008291   0.008450 
 1940  2140  -0.049245   0.003477  -0.010385  -0.025372  -0.029582   0.004703  -0.009407   0.013813   0.033015   0.011556   0.037674   0.027112  -0.015444   0.003314  -0.026384   0.005062  -0.034849  -0.057883  -0.001711   1.000000   0.081869  -0.025562  -0.044623  -0.030484   0.015411 
 2140  2360  -0.015994  -0.057225   0.003212   0.043027   0.008892   0.009390   0.040112   0.006603  -0.055388  -0.060995   0.023575   0.010993   0.016989  -0.025242  -0.009965  -0.006373  -0.004452  -0.042251  -0.116726   0.081869   1.000000   0.135355  -0.027014  -0.003714   0.019927 
 2360  2600   0.038080  -0.000545  -0.005281   0.033454  -0.006043  -0.026531  -0.023816  -0.005619   0.001201   0.005438   0.026861   0.025483   0.064306  -0.007686  -0.022108   0.038620   0.021555  -0.018537   0.010100  -0.025562   0.135355   1.000000   0.063364  -0.040088  -0.007559 
 2600  2840  -0.032427  -0.004308  -0.039861   0.005580  -0.015705  -0.035670  -0.028157  -0.003805   0.012249   0.006766   0.002141   0.012178   0.032124  -0.021079  -0.019839  -0.044637  -0.015781   0.043776   0.042759  -0.044623  -0.027014   0.063364   1.000000   0.087802   0.015019 
 2840  3100  -0.016540  -0.046021  -0.084230  -0.029015   0.021901  -0.053290  -0.013414   0.014682  -0.005099  -0.033034  -0.011603   0.026852   0.048828   0.033163   0.010854  -0.030959   0.015835   0.012623   0.008291  -0.030484  -0.003714  -0.040088   0.087802   1.000000   0.023438 
 3100  3900   0.020914  -0.021277  -0.016641  -0.072268   0.002274   0.013460   0.016685   0.106211   0.004579  -0.014952   0.002258   0.037176   0.014364   0.035291  -0.008078   0.000274  -0.069997  -0.014851   0.008450   0.015411   0.019927  -0.007559   0.015019   0.023438   1.000000 

