&StatCorr


   Name1 = 'ATLAS 7 TeV Dijet data y_05_10 R=0.4'
   Name2 = 'ATLAS 7 TeV Dijet data y_05_10 R=0.4'

   NIdColumns1 = 2
   NIdColumns2 = 2

   IdColumns1 = 'pt1', 'pt2'
   IdColumns2 = 'pt1', 'pt2'

   NBins1 = 21
   NBins2 = 21

   MatrixFormatIsTable = true

   MatrixType = 'Statistical correlations'


&End 

   0   0         310        370        440        510        590        670        760        850        950       1060       1180       1310       1450       1600       1760       1940       2120       2330       2550       2780       3040  
   0   0         370        440        510        590        670        760        850        950       1060       1180       1310       1450       1600       1760       1940       2120       2330       2550       2780       3040       4270  
  310   370   1.000000  -0.095518  -0.079505  -0.038416   0.032250   0.008907  -0.001284  -0.013881   0.040542  -0.027284   0.000234  -0.024176  -0.041822   0.034509  -0.009064   0.000597   0.035308  -0.005610  -0.000125   0.105857   0.003151 
  370   440  -0.095518   1.000000  -0.074234  -0.107410   0.044629  -0.016004   0.030645   0.010312   0.019137  -0.022786   0.037838   0.027705   0.013341  -0.068234  -0.000334  -0.071086   0.058623   0.002394  -0.018881   0.022804   0.000352 
  440   510  -0.079505  -0.074234   1.000000  -0.156999  -0.167873  -0.034691   0.002557  -0.000749  -0.015869   0.030901   0.017592   0.040061  -0.024766   0.040591  -0.056691   0.034491   0.033652  -0.001764  -0.014749  -0.053550   0.010170 
  510   590  -0.038416  -0.107410  -0.156999   1.000000  -0.060550  -0.028443  -0.010037   0.021187  -0.031027   0.005474   0.002048   0.001645   0.035557   0.034283  -0.049992  -0.021661   0.007888   0.048930  -0.025206  -0.030058  -0.015643 
  590   670   0.032250   0.044629  -0.167873  -0.060550   1.000000  -0.086506  -0.109419   0.008084  -0.001389   0.014764  -0.052593  -0.057477   0.025244   0.002338   0.033208  -0.008290  -0.024383   0.022758   0.017338   0.015605   0.038654 
  670   760   0.008907  -0.016004  -0.034691  -0.028443  -0.086506   1.000000  -0.119012  -0.137787  -0.000345   0.007568   0.021555   0.000167   0.007118  -0.008401  -0.060735   0.016160  -0.024216   0.001083  -0.025666   0.049021  -0.007552 
  760   850  -0.001284   0.030645   0.002557  -0.010037  -0.109419  -0.119012   1.000000  -0.105422  -0.043249  -0.062248   0.068885  -0.042939   0.040013   0.038190   0.018628  -0.032170   0.005793  -0.061542  -0.039211  -0.024935  -0.003293 
  850   950  -0.013881   0.010312  -0.000749   0.021187   0.008084  -0.137787  -0.105422   1.000000  -0.166212  -0.096570   0.031497   0.039657  -0.025912  -0.058033   0.021708  -0.010270  -0.031701   0.018458  -0.008529   0.051263  -0.077919 
  950  1060   0.040542   0.019137  -0.015869  -0.031027  -0.001389  -0.000345  -0.043249  -0.166212   1.000000  -0.148992  -0.108886   0.018297  -0.055620  -0.016135   0.005403   0.007365   0.030002   0.024501   0.020493  -0.019699   0.049499 
 1060  1180  -0.027284  -0.022786   0.030901   0.005474   0.014764   0.007568  -0.062248  -0.096570  -0.148992   1.000000  -0.124508  -0.061707   0.007589  -0.047950   0.007419   0.018543  -0.016639  -0.003514  -0.004226  -0.043881  -0.044797 
 1180  1310   0.000234   0.037838   0.017592   0.002048  -0.052593   0.021555   0.068885   0.031497  -0.108886  -0.124508   1.000000  -0.023461  -0.057924   0.007373  -0.095025  -0.007393   0.036433   0.031420   0.030799  -0.002061   0.027203 
 1310  1450  -0.024176   0.027705   0.040061   0.001645  -0.057477   0.000167  -0.042939   0.039657   0.018297  -0.061707  -0.023461   1.000000  -0.048445  -0.062065  -0.012245  -0.036361  -0.015195  -0.031680  -0.018210  -0.052255  -0.012828 
 1450  1600  -0.041822   0.013341  -0.024766   0.035557   0.025244   0.007118   0.040013  -0.025912  -0.055620   0.007589  -0.057924  -0.048445   1.000000   0.041418  -0.105466   0.022128  -0.001438  -0.015024   0.020836  -0.040331  -0.035407 
 1600  1760   0.034509  -0.068234   0.040591   0.034283   0.002338  -0.008401   0.038190  -0.058033  -0.016135  -0.047950   0.007373  -0.062065   0.041418   1.000000   0.033801  -0.101416  -0.035862  -0.013527  -0.000476   0.013542  -0.037663 
 1760  1940  -0.009064  -0.000334  -0.056691  -0.049992   0.033208  -0.060735   0.018628   0.021708   0.005403   0.007419  -0.095025  -0.012245  -0.105466   0.033801   1.000000   0.016356  -0.093935   0.009206   0.007748   0.059083  -0.000517 
 1940  2120   0.000597  -0.071086   0.034491  -0.021661  -0.008290   0.016160  -0.032170  -0.010270   0.007365   0.018543  -0.007393  -0.036361   0.022128  -0.101416   0.016356   1.000000   0.033455  -0.094946   0.012759  -0.004022  -0.024466 
 2120  2330   0.035308   0.058623   0.033652   0.007888  -0.024383  -0.024216   0.005793  -0.031701   0.030002  -0.016639   0.036433  -0.015195  -0.001438  -0.035862  -0.093935   0.033455   1.000000   0.083444  -0.067231  -0.014606   0.025580 
 2330  2550  -0.005610   0.002394  -0.001764   0.048930   0.022758   0.001083  -0.061542   0.018458   0.024501  -0.003514   0.031420  -0.031680  -0.015024  -0.013527   0.009206  -0.094946   0.083444   1.000000   0.056586  -0.046367   0.008829 
 2550  2780  -0.000125  -0.018881  -0.014749  -0.025206   0.017338  -0.025666  -0.039211  -0.008529   0.020493  -0.004226   0.030799  -0.018210   0.020836  -0.000476   0.007748   0.012759  -0.067231   0.056586   1.000000   0.073887   0.030167 
 2780  3040   0.105857   0.022804  -0.053550  -0.030058   0.015605   0.049021  -0.024935   0.051263  -0.019699  -0.043881  -0.002061  -0.052255  -0.040331   0.013542   0.059083  -0.004022  -0.014606  -0.046367   0.073887   1.000000  -0.029130 
 3040  4270   0.003151   0.000352   0.010170  -0.015643   0.038654  -0.007552  -0.003293  -0.077919   0.049499  -0.044797   0.027203  -0.012828  -0.035407  -0.037663  -0.000517  -0.024466   0.025580   0.008829   0.030167  -0.029130   1.000000 

