&StatCorr


   Name1 = 'ATLAS 7 TeV Trijet data y_0_2 R=0.6'
   Name2 = 'ATLAS 7 TeV Trijet data y_0_2 R=0.6'

   NIdColumns1 = 2
   NIdColumns2 = 2

   IdColumns1 = 'pt1', 'pt2'
   IdColumns2 = 'pt1', 'pt2'

   NBins1 = 25
   NBins2 = 25

   MatrixFormatIsTable = true

   MatrixType = 'Statistical correlations'


&End 

   0   0         340        380        420        460        500        540        600        660        720        780        860        940       1020       1120       1220       1340       1460       1600       1760       1940       2140       2360       2600       2840       3100  
   0   0         380        420        460        500        540        600        660        720        780        860        940       1020       1120       1220       1340       1460       1600       1760       1940       2140       2360       2600       2840       3100       3900  
  340   380   1.000000   0.312167  -0.171196  -0.193840  -0.055342  -0.024164  -0.028958  -0.084656  -0.036833  -0.017792   0.046267   0.070993   0.017608  -0.070156   0.022979   0.060922  -0.005217  -0.000989  -0.024785  -0.008316   0.023023   0.046340  -0.010405   0.023238  -0.012154 
  380   420   0.312167   1.000000   0.304110  -0.121659  -0.095033  -0.015026   0.017558  -0.010421   0.034974   0.022129   0.006434   0.052561   0.047502  -0.057438  -0.006082  -0.004796  -0.024476   0.046570  -0.039639  -0.022760  -0.020415   0.015002   0.015244   0.018497   0.037204 
  420   460  -0.171196   0.304110   1.000000   0.473845  -0.128359  -0.099749   0.009566   0.003341   0.000994  -0.028468  -0.008066  -0.033289   0.018587  -0.090561  -0.033093  -0.050480   0.013192  -0.001526  -0.008657  -0.042202  -0.053064  -0.044259   0.039618  -0.038632  -0.024570 
  460   500  -0.193840  -0.121659   0.473845   1.000000   0.379369  -0.036849  -0.018088   0.016692  -0.004396  -0.008977  -0.027833  -0.036683  -0.007769  -0.020776  -0.021007  -0.024470   0.015392   0.027112   0.045109   0.038783  -0.053995  -0.071673  -0.031867  -0.054152  -0.025286 
  500   540  -0.055342  -0.095033  -0.128359   0.379369   1.000000   0.342558  -0.077434   0.020046   0.012985   0.037765   0.010808   0.033114  -0.007617   0.043681  -0.000212   0.010228   0.019280   0.045782   0.018577   0.061163   0.014522  -0.084193  -0.031921  -0.038296   0.063125 
  540   600  -0.024164  -0.015026  -0.099749  -0.036849   0.342558   1.000000   0.223855  -0.060013  -0.034224  -0.042502  -0.008538  -0.039889  -0.022759  -0.016845   0.032617  -0.006586   0.013623  -0.000298  -0.043115   0.006351   0.074029   0.022098  -0.092064  -0.031149   0.025919 
  600   660  -0.028958   0.017558   0.009566  -0.018088  -0.077434   0.223855   1.000000   0.209192  -0.111893  -0.111003  -0.029970   0.004586   0.014907   0.073056   0.007618   0.019615   0.000124  -0.001424  -0.029762  -0.060407   0.040097   0.065600  -0.068522  -0.027474   0.006492 
  660   720  -0.084656  -0.010421   0.003341   0.016692   0.020046  -0.060013   0.209192   1.000000   0.353560  -0.107577  -0.069145  -0.013981  -0.031167   0.053973  -0.017202   0.021957  -0.014291  -0.041126   0.037647   0.018220  -0.016927   0.026503  -0.012802   0.020449  -0.014676 
  720   780  -0.036833   0.034974   0.000994  -0.004396   0.012985  -0.034224  -0.111893   0.353560   1.000000   0.248216  -0.169937  -0.054200   0.018131  -0.007782  -0.037927  -0.002615   0.039156  -0.057061   0.037392  -0.018321   0.033752   0.018322  -0.009674   0.026371   0.009934 
  780   860  -0.017792   0.022129  -0.028468  -0.008977   0.037765  -0.042502  -0.111003  -0.107577   0.248216   1.000000   0.144303  -0.053996  -0.072282   0.016739  -0.001735  -0.043302  -0.034667   0.025376   0.064734  -0.036263   0.023583   0.000771   0.001238  -0.022457  -0.007012 
  860   940   0.046267   0.006434  -0.008066  -0.027833   0.010808  -0.008538  -0.029970  -0.069145  -0.169937   0.144303   1.000000   0.271630  -0.074490  -0.045382   0.047469  -0.029831  -0.067363  -0.040324   0.025219  -0.000249  -0.012274  -0.043559   0.005117   0.039613   0.005242 
  940  1020   0.070993   0.052561  -0.033289  -0.036683   0.033114  -0.039889   0.004586  -0.013981  -0.054200  -0.053996   0.271630   1.000000   0.219829  -0.118573   0.011822  -0.005274  -0.046812  -0.040221  -0.030293   0.008820   0.047612   0.014902   0.011053   0.009544  -0.001431 
 1020  1120   0.017608   0.047502   0.018587  -0.007769  -0.007617  -0.022759   0.014907  -0.031167   0.018131  -0.072282  -0.074490   0.219829   1.000000   0.106544  -0.067183  -0.051383  -0.038051  -0.033029  -0.009827   0.016113  -0.012008   0.017867   0.018912   0.070342  -0.013042 
 1120  1220  -0.070156  -0.057438  -0.090561  -0.020776   0.043681  -0.016845   0.073056   0.053973  -0.007782   0.016739  -0.045382  -0.118573   0.106544   1.000000   0.121234  -0.065621  -0.003952  -0.033795  -0.038797   0.003079  -0.021513  -0.073526   0.031342   0.073252   0.047269 
 1220  1340   0.022979  -0.006082  -0.033093  -0.021007  -0.000212   0.032617   0.007618  -0.017202  -0.037927  -0.001735   0.047469   0.011822  -0.067183   0.121234   1.000000   0.104660  -0.175929  -0.030231  -0.003448  -0.047317   0.023250  -0.027686   0.000309   0.000121   0.025894 
 1340  1460   0.060922  -0.004796  -0.050480  -0.024470   0.010228  -0.006586   0.019615   0.021957  -0.002615  -0.043302  -0.029831  -0.005274  -0.051383  -0.065621   0.104660   1.000000   0.121799  -0.048255   0.029795  -0.044413   0.022783   0.025832  -0.029441  -0.050159  -0.004515 
 1460  1600  -0.005217  -0.024476   0.013192   0.015392   0.019280   0.013623   0.000124  -0.014291   0.039156  -0.034667  -0.067363  -0.046812  -0.038051  -0.003952  -0.175929   0.121799   1.000000   0.030097  -0.045819  -0.050137  -0.038038   0.012732  -0.014967  -0.003101  -0.044412 
 1600  1760  -0.000989   0.046570  -0.001526   0.027112   0.045782  -0.000298  -0.001424  -0.041126  -0.057061   0.025376  -0.040324  -0.040221  -0.033029  -0.033795  -0.030231  -0.048255   0.030097   1.000000   0.118824  -0.067557  -0.042255   0.015941   0.016775   0.049022  -0.019403 
 1760  1940  -0.024785  -0.039639  -0.008657   0.045109   0.018577  -0.043115  -0.029762   0.037647   0.037392   0.064734   0.025219  -0.030293  -0.009827  -0.038797  -0.003448   0.029795  -0.045819   0.118824   1.000000   0.072587  -0.044149   0.006594   0.013084   0.008235   0.005393 
 1940  2140  -0.008316  -0.022760  -0.042202   0.038783   0.061163   0.006351  -0.060407   0.018220  -0.018321  -0.036263  -0.000249   0.008820   0.016113   0.003079  -0.047317  -0.044413  -0.050137  -0.067557   0.072587   1.000000   0.045973  -0.011264  -0.044686  -0.026958   0.026869 
 2140  2360   0.023023  -0.020415  -0.053064  -0.053995   0.014522   0.074029   0.040097  -0.016927   0.033752   0.023583  -0.012274   0.047612  -0.012008  -0.021513   0.023250   0.022783  -0.038038  -0.042255  -0.044149   0.045973   1.000000   0.069043  -0.068991  -0.035648   0.012982 
 2360  2600   0.046340   0.015002  -0.044259  -0.071673  -0.084193   0.022098   0.065600   0.026503   0.018322   0.000771  -0.043559   0.014902   0.017867  -0.073526  -0.027686   0.025832   0.012732   0.015941   0.006594  -0.011264   0.069043   1.000000   0.080074  -0.036382   0.017705 
 2600  2840  -0.010405   0.015244   0.039618  -0.031867  -0.031921  -0.092064  -0.068522  -0.012802  -0.009674   0.001238   0.005117   0.011053   0.018912   0.031342   0.000309  -0.029441  -0.014967   0.016775   0.013084  -0.044686  -0.068991   0.080074   1.000000   0.123507   0.028197 
 2840  3100   0.023238   0.018497  -0.038632  -0.054152  -0.038296  -0.031149  -0.027474   0.020449   0.026371  -0.022457   0.039613   0.009544   0.070342   0.073252   0.000121  -0.050159  -0.003101   0.049022   0.008235  -0.026958  -0.035648  -0.036382   0.123507   1.000000  -0.011745 
 3100  3900  -0.012154   0.037204  -0.024570  -0.025286   0.063125   0.025919   0.006492  -0.014676   0.009934  -0.007012   0.005242  -0.001431  -0.013042   0.047269   0.025894  -0.004515  -0.044412  -0.019403   0.005393   0.026869   0.012982   0.017705   0.028197  -0.011745   1.000000 

