&StatCorr


   Name1 = 'ATLAS 7 TeV Dijet data y_00_05 R=0.4'
   Name2 = 'ATLAS 7 TeV Dijet data y_00_05 R=0.4'

   NIdColumns1 = 2
   NIdColumns2 = 2

   IdColumns1 = 'pt1', 'pt2'
   IdColumns2 = 'pt1', 'pt2'

   NBins1 = 21
   NBins2 = 21

   MatrixFormatIsTable = true

   MatrixType = 'Statistical correlations'


&End 

   0   0         260        310        370        440        510        590        670        760        850        950       1060       1180       1310       1450       1600       1760       1940       2120       2330       2550       2780  
   0   0         310        370        440        510        590        670        760        850        950       1060       1180       1310       1450       1600       1760       1940       2120       2330       2550       2780       4270  
  260   310   1.000000   0.016597  -0.076774  -0.028261  -0.002658  -0.023867   0.008504   0.033092   0.024689   0.006657  -0.047547   0.010135   0.019865  -0.027825   0.043533   0.034175  -0.015074   0.025744   0.020402   0.031217   0.006964 
  310   370   0.016597   1.000000  -0.130409  -0.060473   0.007838   0.032527  -0.051242  -0.027321  -0.014433  -0.016733   0.008843  -0.000316   0.007044  -0.004134   0.065489   0.053959  -0.029732   0.021314  -0.010129  -0.008111   0.017152 
  370   440  -0.076774  -0.130409   1.000000  -0.047093  -0.050455  -0.010973   0.042980  -0.033322   0.003864   0.051672  -0.017223   0.016125  -0.000870   0.001760  -0.003825  -0.066701  -0.028359  -0.023947   0.011097  -0.032023   0.014316 
  440   510  -0.028261  -0.060473  -0.047093   1.000000  -0.043505  -0.085640  -0.068958   0.010271   0.006509  -0.034586   0.010441  -0.005080  -0.038871   0.017471   0.010938  -0.002599   0.014833   0.062440  -0.004960   0.043082   0.007331 
  510   590  -0.002658   0.007838  -0.050455  -0.043505   1.000000   0.001117  -0.087765  -0.018755  -0.029130   0.030689   0.079511   0.020044   0.017305   0.009789   0.010818   0.025245   0.005282  -0.002908   0.000543  -0.004156  -0.007338 
  590   670  -0.023867   0.032527  -0.010973  -0.085640   0.001117   1.000000  -0.126070  -0.027533  -0.042949   0.004710  -0.048838   0.004872   0.060371  -0.001829  -0.015637   0.012148   0.023280   0.030134   0.003506   0.006761  -0.028215 
  670   760   0.008504  -0.051242   0.042980  -0.068958  -0.087765  -0.126070   1.000000  -0.197838  -0.027019   0.011214   0.005872  -0.030150   0.019939  -0.038703   0.010288   0.051709  -0.010594  -0.021123  -0.014877  -0.044157  -0.050286 
  760   850   0.033092  -0.027321  -0.033322   0.010271  -0.018755  -0.027533  -0.197838   1.000000  -0.177605  -0.072939  -0.053196   0.003520  -0.021136   0.035784  -0.022968  -0.017402   0.012301  -0.001583  -0.023783  -0.013399  -0.026080 
  850   950   0.024689  -0.014433   0.003864   0.006509  -0.029130  -0.042949  -0.027019  -0.177605   1.000000  -0.156223  -0.059187   0.017403   0.009536  -0.010159   0.005502   0.012307   0.001404  -0.013437   0.066880   0.011216  -0.017356 
  950  1060   0.006657  -0.016733   0.051672  -0.034586   0.030689   0.004710   0.011214  -0.072939  -0.156223   1.000000  -0.057578  -0.099408  -0.033950   0.044634  -0.016470   0.054181   0.028292   0.000185  -0.031007  -0.007080  -0.018583 
 1060  1180  -0.047547   0.008843  -0.017223   0.010441   0.079511  -0.048838   0.005872  -0.053196  -0.059187  -0.057578   1.000000   0.028405   0.007106  -0.044307  -0.026995  -0.037024  -0.029517   0.015071  -0.011813   0.065914   0.037567 
 1180  1310   0.010135  -0.000316   0.016125  -0.005080   0.020044   0.004872  -0.030150   0.003520   0.017403  -0.099408   0.028405   1.000000  -0.005227  -0.057615   0.002729   0.003571   0.027992   0.022204   0.047807   0.004941  -0.055257 
 1310  1450   0.019865   0.007044  -0.000870  -0.038871   0.017305   0.060371   0.019939  -0.021136   0.009536  -0.033950   0.007106  -0.005227   1.000000  -0.000267  -0.016922  -0.048082  -0.021767  -0.016066  -0.015934   0.002082   0.006944 
 1450  1600  -0.027825  -0.004134   0.001760   0.017471   0.009789  -0.001829  -0.038703   0.035784  -0.010159   0.044634  -0.044307  -0.057615  -0.000267   1.000000   0.048737  -0.126090  -0.004447   0.006944  -0.014389  -0.044022  -0.048630 
 1600  1760   0.043533   0.065489  -0.003825   0.010938   0.010818  -0.015637   0.010288  -0.022968   0.005502  -0.016470  -0.026995   0.002729  -0.016922   0.048737   1.000000   0.160352  -0.125280  -0.016381   0.030505  -0.015785   0.028670 
 1760  1940   0.034175   0.053959  -0.066701  -0.002599   0.025245   0.012148   0.051709  -0.017402   0.012307   0.054181  -0.037024   0.003571  -0.048082  -0.126090   0.160352   1.000000   0.088862  -0.069231   0.008331   0.043103   0.064770 
 1940  2120  -0.015074  -0.029732  -0.028359   0.014833   0.005282   0.023280  -0.010594   0.012301   0.001404   0.028292  -0.029517   0.027992  -0.021767  -0.004447  -0.125280   0.088862   1.000000   0.087444  -0.002397  -0.001449   0.053276 
 2120  2330   0.025744   0.021314  -0.023947   0.062440  -0.002908   0.030134  -0.021123  -0.001583  -0.013437   0.000185   0.015071   0.022204  -0.016066   0.006944  -0.016381  -0.069231   0.087444   1.000000   0.098620  -0.058979   0.042952 
 2330  2550   0.020402  -0.010129   0.011097  -0.004960   0.000543   0.003506  -0.014877  -0.023783   0.066880  -0.031007  -0.011813   0.047807  -0.015934  -0.014389   0.030505   0.008331  -0.002397   0.098620   1.000000   0.134262  -0.063183 
 2550  2780   0.031217  -0.008111  -0.032023   0.043082  -0.004156   0.006761  -0.044157  -0.013399   0.011216  -0.007080   0.065914   0.004941   0.002082  -0.044022  -0.015785   0.043103  -0.001449  -0.058979   0.134262   1.000000   0.015099 
 2780  4270   0.006964   0.017152   0.014316   0.007331  -0.007338  -0.028215  -0.050286  -0.026080  -0.017356  -0.018583   0.037567  -0.055257   0.006944  -0.048630   0.028670   0.064770   0.053276   0.042952  -0.063183   0.015099   1.000000 

