&StatCorr


   Name1 = 'ATLAS 7 TeV Incjet data y_20_25 R=0.6'
   Name2 = 'ATLAS 7 TeV Incjet data y_20_25 R=0.6'

   NIdColumns1 = 2
   NIdColumns2 = 2

   IdColumns1 = 'pt1', 'pt2'
   IdColumns2 = 'pt1', 'pt2'

   NBins1 = 21
   NBins2 = 21

   MatrixFormatIsTable = true

   MatrixType = 'Statistical correlations'


&End 

   0   0         100        116        134        152        172        194        216        240        264        290        318        346        376        408        442        478        516        556        642        894       1310  
   0   0         116        134        152        172        194        216        240        264        290        318        346        376        408        442        478        516        556        642        894       1310       1992  
  100   116   1.000000   0.151368  -0.063549  -0.000834  -0.006810   0.026453  -0.044437   0.003938  -0.061183  -0.014892  -0.023432  -0.003119   0.007532  -0.032949   0.020452  -0.028613  -0.010475  -0.000165  -0.014475   0.000000   0.000000 
  116   134   0.151368   1.000000   0.168340  -0.075366  -0.025208   0.063700  -0.012619   0.011640   0.022205   0.020155  -0.022829   0.041453   0.019057  -0.031072  -0.044772   0.024238  -0.008688   0.014308   0.022298   0.000000   0.000000 
  134   152  -0.063549   0.168340   1.000000   0.095958  -0.164958  -0.104768  -0.022470   0.043644   0.000676   0.003238  -0.009964   0.027330   0.012281  -0.032934  -0.008092   0.011765   0.049210   0.005371  -0.008514   0.000000   0.000000 
  152   172  -0.000834  -0.075366   0.095958   1.000000   0.073969  -0.114085  -0.028837  -0.001878  -0.017918  -0.014829   0.015358  -0.015035   0.032042  -0.035103   0.049903   0.031480  -0.000004  -0.025807  -0.004892   0.000000   0.000000 
  172   194  -0.006810  -0.025208  -0.164958   0.073969   1.000000   0.120856  -0.078276   0.003954   0.009791  -0.036771  -0.028377   0.017724   0.030571   0.009784   0.020896  -0.022247   0.027667  -0.047989  -0.031979   0.000000   0.000000 
  194   216   0.026453   0.063700  -0.104768  -0.114085   0.120856   1.000000   0.058840  -0.138655   0.017788   0.032262   0.026451   0.068016   0.000672  -0.042995  -0.008067  -0.000901  -0.013100  -0.062381  -0.032748   0.000000   0.000000 
  216   240  -0.044437  -0.012619  -0.022470  -0.028837  -0.078276   0.058840   1.000000   0.063699  -0.039268  -0.042780  -0.008904  -0.003921  -0.018557   0.016915  -0.021981  -0.038819   0.018358  -0.019251   0.027418   0.000000   0.000000 
  240   264   0.003938   0.011640   0.043644  -0.001878   0.003954  -0.138655   0.063699   1.000000   0.057858  -0.081329  -0.058983  -0.001730   0.008958  -0.031149  -0.048623  -0.040131   0.030977  -0.028814  -0.042782   0.000000   0.000000 
  264   290  -0.061183   0.022205   0.000676  -0.017918   0.009791   0.017788  -0.039268   0.057858   1.000000   0.073742  -0.022380   0.017098   0.012826   0.003124  -0.031834   0.009999  -0.029742  -0.001435   0.008178   0.000000   0.000000 
  290   318  -0.014892   0.020155   0.003238  -0.014829  -0.036771   0.032262  -0.042780  -0.081329   0.073742   1.000000   0.152075  -0.142548  -0.062960   0.034673   0.018587  -0.045632  -0.033238   0.034161   0.008326   0.000000   0.000000 
  318   346  -0.023432  -0.022829  -0.009964   0.015358  -0.028377   0.026451  -0.008904  -0.058983  -0.022380   0.152075   1.000000   0.119874  -0.181426  -0.043465  -0.010651   0.021471  -0.035556  -0.003758   0.007324   0.000000   0.000000 
  346   376  -0.003119   0.041453   0.027330  -0.015035   0.017724   0.068016  -0.003921  -0.001730   0.017098  -0.142548   0.119874   1.000000  -0.062083  -0.077210  -0.027666  -0.006217  -0.003352  -0.023835  -0.015400   0.000000   0.000000 
  376   408   0.007532   0.019057   0.012281   0.032042   0.030571   0.000672  -0.018557   0.008958   0.012826  -0.062960  -0.181426  -0.062083   1.000000  -0.074650  -0.069097   0.044927  -0.003425  -0.013230  -0.008520   0.000000   0.000000 
  408   442  -0.032949  -0.031072  -0.032934  -0.035103   0.009784  -0.042995   0.016915  -0.031149   0.003124   0.034673  -0.043465  -0.077210  -0.074650   1.000000  -0.059055  -0.090402  -0.031107   0.031489   0.013053   0.000000   0.000000 
  442   478   0.020452  -0.044772  -0.008092   0.049903   0.020896  -0.008067  -0.021981  -0.048623  -0.031834   0.018587  -0.010651  -0.027666  -0.069097  -0.059055   1.000000   0.023346  -0.065060  -0.026123   0.032658   0.000000   0.000000 
  478   516  -0.028613   0.024238   0.011765   0.031480  -0.022247  -0.000901  -0.038819  -0.040131   0.009999  -0.045632   0.021471  -0.006217   0.044927  -0.090402   0.023346   1.000000  -0.028407  -0.065441   0.046587   0.000000   0.000000 
  516   556  -0.010475  -0.008688   0.049210  -0.000004   0.027667  -0.013100   0.018358   0.030977  -0.029742  -0.033238  -0.035556  -0.003352  -0.003425  -0.031107  -0.065060  -0.028407   1.000000  -0.113451  -0.055132   0.000000   0.000000 
  556   642  -0.000165   0.014308   0.005371  -0.025807  -0.047989  -0.062381  -0.019251  -0.028814  -0.001435   0.034161  -0.003758  -0.023835  -0.013230   0.031489  -0.026123  -0.065441  -0.113451   1.000000  -0.028056   0.000000   0.000000 
  642   894  -0.014475   0.022298  -0.008514  -0.004892  -0.031979  -0.032748   0.027418  -0.042782   0.008178   0.008326   0.007324  -0.015400  -0.008520   0.013053   0.032658   0.046587  -0.055132  -0.028056   1.000000   0.000000   0.000000 
  894  1310   0.000000   0.000000   0.000000   0.000000   0.000000   0.000000   0.000000   0.000000   0.000000   0.000000   0.000000   0.000000   0.000000   0.000000   0.000000   0.000000   0.000000   0.000000   0.000000   0.000000   0.000000 
 1310  1992   0.000000   0.000000   0.000000   0.000000   0.000000   0.000000   0.000000   0.000000   0.000000   0.000000   0.000000   0.000000   0.000000   0.000000   0.000000   0.000000   0.000000   0.000000   0.000000   0.000000   0.000000 

