&StatCorr


   Name1 = 'ATLAS 7 TeV Trijet data y_2_4 R=0.4'
   Name2 = 'ATLAS 7 TeV Trijet data y_2_4 R=0.4'

   NIdColumns1 = 2
   NIdColumns2 = 2

   IdColumns1 = 'pt1', 'pt2'
   IdColumns2 = 'pt1', 'pt2'

   NBins1 = 26
   NBins2 = 26

   MatrixFormatIsTable = true

   MatrixType = 'Statistical correlations'


&End 

   0   0         380        420        460        500        540        600        660        720        780        860        940       1020       1120       1220       1340       1460       1600       1740       1900       2080       2260       2480       2720       2980       3260       3580  
   0   0         420        460        500        540        600        660        720        780        860        940       1020       1120       1220       1340       1460       1600       1740       1900       2080       2260       2480       2720       2980       3260       3580       4200  
  380   420   1.000000   0.204711  -0.146910  -0.051000   0.004413  -0.021292   0.045853   0.062542  -0.041733  -0.000445   0.046602  -0.023307  -0.078629  -0.021336  -0.056110   0.008244  -0.036804   0.019416   0.025064  -0.000509  -0.002461  -0.052430   0.029471   0.022916   0.050481  -0.003214 
  420   460   0.204711   1.000000   0.251062  -0.082045  -0.055654  -0.053602   0.057224   0.030887   0.012181  -0.011367   0.003769   0.015500  -0.009035  -0.017419   0.002106   0.002839  -0.077480  -0.015784  -0.030484   0.005607   0.019288  -0.039544  -0.002024   0.021014  -0.055154   0.022631 
  460   500  -0.146910   0.251062   1.000000   0.369275  -0.122623  -0.046181  -0.020352   0.003222   0.060146   0.018852   0.025984   0.060301  -0.015860  -0.005542   0.002175  -0.004549   0.003079   0.029053  -0.007075   0.010007   0.040274  -0.008676  -0.026693   0.003999   0.029331   0.015187 
  500   540  -0.051000  -0.082045   0.369275   1.000000   0.195493  -0.049024  -0.069324   0.021418   0.065381   0.044205   0.015239   0.019475   0.040039   0.054062   0.051051  -0.023008  -0.048542  -0.008707   0.011053   0.015257   0.033128   0.034834   0.010819  -0.014520   0.003876   0.040130 
  540   600   0.004413  -0.055654  -0.122623   0.195493   1.000000   0.214983  -0.106437  -0.035253   0.020711   0.036326   0.047266  -0.025473   0.050775   0.006241  -0.009085  -0.038360  -0.058507  -0.014908  -0.048022   0.002546   0.066243  -0.012704   0.018321  -0.009601  -0.000150  -0.044387 
  600   660  -0.021292  -0.053602  -0.046181  -0.049024   0.214983   1.000000   0.232219  -0.098412  -0.049032  -0.028380   0.041700   0.018181   0.043012  -0.090112  -0.034141  -0.006341   0.004497   0.019702   0.003453  -0.019956   0.029486   0.011928   0.021779   0.003354   0.004687  -0.024284 
  660   720   0.045853   0.057224  -0.020352  -0.069324  -0.106437   0.232219   1.000000   0.254185  -0.093113  -0.109228  -0.007636   0.018996  -0.070104  -0.070575  -0.049035   0.038731   0.026048   0.044656  -0.002198  -0.046333   0.040181  -0.005217  -0.074216   0.031860  -0.021302   0.032721 
  720   780   0.062542   0.030887   0.003222   0.021418  -0.035253  -0.098412   0.254185   1.000000   0.303030  -0.099589   0.002230  -0.035060  -0.013080   0.027909  -0.043720  -0.039165   0.008176   0.011026  -0.013058  -0.038592   0.059180   0.010802  -0.003975   0.024066  -0.006865  -0.003460 
  780   860  -0.041733   0.012181   0.060146   0.065381   0.020711  -0.049032  -0.093113   0.303030   1.000000   0.195153  -0.118994  -0.079705  -0.014750   0.067102   0.010875  -0.029383  -0.003000   0.037674   0.014918  -0.013732  -0.003603  -0.034104   0.062748   0.084870  -0.002194  -0.062124 
  860   940  -0.000445  -0.011367   0.018852   0.044205   0.036326  -0.028380  -0.109228  -0.099589   0.195153   1.000000   0.162456  -0.135925  -0.048154  -0.002446   0.031197   0.038489   0.028395  -0.004520   0.013290   0.071024  -0.083555  -0.022052   0.016601   0.045122  -0.003965  -0.045865 
  940  1020   0.046602   0.003769   0.025984   0.015239   0.047266   0.041700  -0.007636   0.002230  -0.118994   0.162456   1.000000   0.355712  -0.116408   0.031427  -0.005607   0.029821  -0.030858   0.017447  -0.055001   0.009324   0.042481  -0.028883   0.025830  -0.020368   0.028444   0.067458 
 1020  1120  -0.023307   0.015500   0.060301   0.019475  -0.025473   0.018181   0.018996  -0.035060  -0.079705  -0.135925   0.355712   1.000000   0.051195  -0.057210  -0.096821  -0.012161  -0.016095  -0.016978   0.008699  -0.036521   0.024512   0.002870  -0.006722  -0.023758   0.011282   0.068945 
 1120  1220  -0.078629  -0.009035  -0.015860   0.040039   0.050775   0.043012  -0.070104  -0.013080  -0.014750  -0.048154  -0.116408   0.051195   1.000000   0.132708  -0.144877  -0.090235  -0.019825  -0.028858  -0.036570   0.056982  -0.020081   0.046520   0.008695   0.038978  -0.024226  -0.016397 
 1220  1340  -0.021336  -0.017419  -0.005542   0.054062   0.006241  -0.090112  -0.070575   0.027909   0.067102  -0.002446   0.031427  -0.057210   0.132708   1.000000   0.244821  -0.102823  -0.038789   0.007502  -0.018651   0.016391   0.017378   0.002845   0.005206   0.046047  -0.016944  -0.028540 
 1340  1460  -0.056110   0.002106   0.002175   0.051051  -0.009085  -0.034141  -0.049035  -0.043720   0.010875   0.031197  -0.005607  -0.096821  -0.144877   0.244821   1.000000   0.045168  -0.088643  -0.081661  -0.006889  -0.000402  -0.029380  -0.019719   0.015117  -0.021764   0.030945   0.037725 
 1460  1600   0.008244   0.002839  -0.004549  -0.023008  -0.038360  -0.006341   0.038731  -0.039165  -0.029383   0.038489   0.029821  -0.012161  -0.090235  -0.102823   0.045168   1.000000   0.080403  -0.054984  -0.016832  -0.017115  -0.004256   0.030788   0.004390  -0.033933  -0.025016   0.045297 
 1600  1740  -0.036804  -0.077480   0.003079  -0.048542  -0.058507   0.004497   0.026048   0.008176  -0.003000   0.028395  -0.030858  -0.016095  -0.019825  -0.038789  -0.088643   0.080403   1.000000   0.159663  -0.083373  -0.014449  -0.045570  -0.033312   0.006415   0.005043   0.007985   0.000317 
 1740  1900   0.019416  -0.015784   0.029053  -0.008707  -0.014908   0.019702   0.044656   0.011026   0.037674  -0.004520   0.017447  -0.016978  -0.028858   0.007502  -0.081661  -0.054984   0.159663   1.000000   0.105324  -0.058033  -0.010525  -0.047808   0.012171   0.010529   0.017970  -0.017654 
 1900  2080   0.025064  -0.030484  -0.007075   0.011053  -0.048022   0.003453  -0.002198  -0.013058   0.014918   0.013290  -0.055001   0.008699  -0.036570  -0.018651  -0.006889  -0.016832  -0.083373   0.105324   1.000000   0.092937  -0.060547  -0.031242   0.001492   0.005751   0.025408  -0.001759 
 2080  2260  -0.000509   0.005607   0.010007   0.015257   0.002546  -0.019956  -0.046333  -0.038592  -0.013732   0.071024   0.009324  -0.036521   0.056982   0.016391  -0.000402  -0.017115  -0.014449  -0.058033   0.092937   1.000000   0.078865  -0.046551   0.018309  -0.016899  -0.003914  -0.028876 
 2260  2480  -0.002461   0.019288   0.040274   0.033128   0.066243   0.029486   0.040181   0.059180  -0.003603  -0.083555   0.042481   0.024512  -0.020081   0.017378  -0.029380  -0.004256  -0.045570  -0.010525  -0.060547   0.078865   1.000000   0.033849  -0.035239  -0.047976  -0.004712  -0.022901 
 2480  2720  -0.052430  -0.039544  -0.008676   0.034834  -0.012704   0.011928  -0.005217   0.010802  -0.034104  -0.022052  -0.028883   0.002870   0.046520   0.002845  -0.019719   0.030788  -0.033312  -0.047808  -0.031242  -0.046551   0.033849   1.000000   0.094960  -0.052149  -0.056594  -0.014142 
 2720  2980   0.029471  -0.002024  -0.026693   0.010819   0.018321   0.021779  -0.074216  -0.003975   0.062748   0.016601   0.025830  -0.006722   0.008695   0.005206   0.015117   0.004390   0.006415   0.012171   0.001492   0.018309  -0.035239   0.094960   1.000000   0.122405  -0.091546   0.010993 
 2980  3260   0.022916   0.021014   0.003999  -0.014520  -0.009601   0.003354   0.031860   0.024066   0.084870   0.045122  -0.020368  -0.023758   0.038978   0.046047  -0.021764  -0.033933   0.005043   0.010529   0.005751  -0.016899  -0.047976  -0.052149   0.122405   1.000000   0.121462  -0.060544 
 3260  3580   0.050481  -0.055154   0.029331   0.003876  -0.000150   0.004687  -0.021302  -0.006865  -0.002194  -0.003965   0.028444   0.011282  -0.024226  -0.016944   0.030945  -0.025016   0.007985   0.017970   0.025408  -0.003914  -0.004712  -0.056594  -0.091546   0.121462   1.000000   0.061705 
 3580  4200  -0.003214   0.022631   0.015187   0.040130  -0.044387  -0.024284   0.032721  -0.003460  -0.062124  -0.045865   0.067458   0.068945  -0.016397  -0.028540   0.037725   0.045297   0.000317  -0.017654  -0.001759  -0.028876  -0.022901  -0.014142   0.010993  -0.060544   0.061705   1.000000 

