&StatCorr


   Name1 = 'ATLAS 7 TeV Incjet data y_00_05 R=0.6'
   Name2 = 'ATLAS 7 TeV Incjet data y_00_05 R=0.6'

   NIdColumns1 = 2
   NIdColumns2 = 2

   IdColumns1 = 'pt1', 'pt2'
   IdColumns2 = 'pt1', 'pt2'

   NBins1 = 31
   NBins2 = 31

   MatrixFormatIsTable = true

   MatrixType = 'Statistical correlations'


&End 

   0   0         100        116        134        152        172        194        216        240        264        290        318        346        376        408        442        478        516        556        598        642        688        736        786        838        894        952       1012       1076       1162       1310       1530  
   0   0         116        134        152        172        194        216        240        264        290        318        346        376        408        442        478        516        556        598        642        688        736        786        838        894        952       1012       1076       1162       1310       1530       1992  
  100   116   1.000000   0.253648  -0.065800  -0.095542  -0.080407   0.004451   0.009110   0.041419  -0.010431  -0.011025  -0.019174  -0.027069   0.045738  -0.030296   0.000649   0.017573   0.037207  -0.035453  -0.003233  -0.009802  -0.020236  -0.011652  -0.027169   0.042350  -0.014703  -0.046420   0.009522   0.049297   0.014862   0.049513   0.050844 
  116   134   0.253648   1.000000   0.314629  -0.068205  -0.187089   0.012222   0.042437   0.000421  -0.040614  -0.055198  -0.007302  -0.017318   0.028120  -0.022937   0.036296  -0.046145  -0.027244  -0.007481  -0.080897  -0.063429  -0.045157  -0.017046  -0.022274   0.056583   0.027457  -0.020816  -0.013644   0.020202  -0.004433   0.054998   0.033238 
  134   152  -0.065800   0.314629   1.000000   0.274314  -0.118572  -0.109090  -0.020635   0.029536   0.021735   0.004010  -0.017320   0.035000   0.019325   0.019107  -0.008395  -0.015452  -0.014223  -0.008851  -0.052749  -0.026107   0.020062   0.030978   0.013968  -0.008113  -0.019852  -0.038891  -0.070785   0.009424   0.000351   0.071549   0.065684 
  152   172  -0.095542  -0.068205   0.274314   1.000000   0.145937  -0.137224  -0.052040  -0.000474  -0.012383  -0.039378   0.012391   0.016406  -0.040181   0.034274  -0.018851   0.018405   0.024270   0.027259   0.014504   0.045484   0.056961   0.009879   0.032324  -0.032946  -0.022264  -0.073474  -0.032039   0.000383  -0.044146   0.014374   0.016918 
  172   194  -0.080407  -0.187089  -0.118572   0.145937   1.000000   0.143890  -0.111357  -0.047614   0.045180   0.055548   0.000699   0.025471  -0.017324   0.017918  -0.070756   0.011730   0.020137   0.033237   0.007467   0.009410   0.001796  -0.016088   0.003037  -0.033107  -0.013010   0.024252   0.016514  -0.008882  -0.025043  -0.036087  -0.017333 
  194   216   0.004451   0.012222  -0.109090  -0.137224   0.143890   1.000000   0.172846  -0.131125  -0.027729  -0.002779  -0.008476   0.006850  -0.000398   0.035508  -0.012664  -0.053462  -0.013822   0.038040   0.032076  -0.018949  -0.009893  -0.009594  -0.022974   0.037872  -0.032397  -0.006853  -0.009493   0.056549   0.022860  -0.062897  -0.030451 
  216   240   0.009110   0.042437  -0.020635  -0.052040  -0.111357   0.172846   1.000000   0.161312  -0.057710  -0.047559   0.044436  -0.029789  -0.000946   0.041174  -0.017581   0.005661  -0.002194  -0.000958   0.028805  -0.040425  -0.010984   0.001299  -0.009350   0.026866   0.007689   0.032695   0.002823   0.011625   0.048113   0.027165   0.051435 
  240   264   0.041419   0.000421   0.029536  -0.000474  -0.047614  -0.131125   0.161312   1.000000   0.244718  -0.002345  -0.012508   0.004983  -0.000581  -0.022785   0.011776   0.010291   0.023405  -0.014654  -0.059900  -0.015710  -0.019337   0.017848   0.052742  -0.020850   0.001764   0.054419   0.023550  -0.057277  -0.015568   0.000727   0.037084 
  264   290  -0.010431  -0.040614   0.021735  -0.012383   0.045180  -0.027729  -0.057710   0.244718   1.000000   0.263127  -0.044022  -0.092306  -0.085512  -0.041387  -0.053564   0.086419   0.026157  -0.014016  -0.021405   0.035518   0.003397  -0.051500   0.038707  -0.010538   0.012693   0.011399   0.022417  -0.027795  -0.007850   0.016482  -0.004030 
  290   318  -0.011025  -0.055198   0.004010  -0.039378   0.055548  -0.002779  -0.047559  -0.002345   0.263127   1.000000   0.305540  -0.089523  -0.117740  -0.028390  -0.039190  -0.011346   0.042301  -0.012864  -0.009215  -0.026622   0.013398   0.044776   0.034621   0.016072  -0.004493   0.042431   0.000004  -0.008642   0.004847   0.036228  -0.054094 
  318   346  -0.019174  -0.007302  -0.017320   0.012391   0.000699  -0.008476   0.044436  -0.012508  -0.044022   0.305540   1.000000   0.257847  -0.168596  -0.062472  -0.033065   0.004047   0.060475  -0.016584   0.019752  -0.052793   0.025027  -0.001519  -0.048517   0.015026  -0.007107  -0.000926  -0.031530  -0.008645  -0.016033   0.030886  -0.037548 
  346   376  -0.027069  -0.017318   0.035000   0.016406   0.025471   0.006850  -0.029789   0.004983  -0.092306  -0.089523   0.257847   1.000000   0.008753  -0.136367  -0.100114  -0.014454   0.013246  -0.034187   0.002910   0.009110  -0.009959   0.025579  -0.007795  -0.002789   0.038244  -0.009104   0.025189   0.015096  -0.020522  -0.025382   0.009102 
  376   408   0.045738   0.028120   0.019325  -0.040181  -0.017324  -0.000398  -0.000946  -0.000581  -0.085512  -0.117740  -0.168596   0.008753   1.000000   0.027914  -0.071668  -0.098758  -0.010280  -0.008600  -0.014463  -0.008937   0.030531  -0.043527   0.019554  -0.003109  -0.037049  -0.005433   0.045115   0.021423   0.012936   0.047246   0.023854 
  408   442  -0.030296  -0.022937   0.019107   0.034274   0.017918   0.035508   0.041174  -0.022785  -0.041387  -0.028390  -0.062472  -0.136367   0.027914   1.000000  -0.015687  -0.142548  -0.103609  -0.005520  -0.014162   0.002575  -0.023916  -0.071123  -0.055811   0.015356   0.000158  -0.019145   0.027930   0.011454   0.002643   0.048496  -0.033955 
  442   478   0.000649   0.036296  -0.008395  -0.018851  -0.070756  -0.012664  -0.017581   0.011776  -0.053564  -0.039190  -0.033065  -0.100114  -0.071668  -0.015687   1.000000   0.027345  -0.098088  -0.012861  -0.021506   0.002293   0.038532  -0.042654  -0.009675   0.048360   0.028917   0.024299   0.018042   0.061328   0.023800   0.001756   0.005900 
  478   516   0.017573  -0.046145  -0.015452   0.018405   0.011730  -0.053462   0.005661   0.010291   0.086419  -0.011346   0.004047  -0.014454  -0.098758  -0.142548   0.027345   1.000000   0.068531  -0.008299  -0.019353   0.001418   0.043541   0.019591  -0.026099  -0.025899   0.008355   0.002499  -0.024993  -0.045258  -0.032806  -0.037949   0.027792 
  516   556   0.037207  -0.027244  -0.014223   0.024270   0.020137  -0.013822  -0.002194   0.023405   0.026157   0.042301   0.060475   0.013246  -0.010280  -0.103609  -0.098088   0.068531   1.000000   0.031132  -0.050909  -0.019245  -0.014079  -0.008903  -0.011638  -0.001043  -0.011076   0.004230   0.025661  -0.016040   0.000477  -0.020510  -0.014437 
  556   598  -0.035453  -0.007481  -0.008851   0.027259   0.033237   0.038040  -0.000958  -0.014654  -0.014016  -0.012864  -0.016584  -0.034187  -0.008600  -0.005520  -0.012861  -0.008299   0.031132   1.000000   0.123169  -0.062653   0.035585   0.003473  -0.079162  -0.016293   0.033514   0.018761  -0.032607  -0.001288  -0.013936   0.003717   0.022940 
  598   642  -0.003233  -0.080897  -0.052749   0.014504   0.007467   0.032076   0.028805  -0.059900  -0.021405  -0.009215   0.019752   0.002910  -0.014463  -0.014162  -0.021506  -0.019353  -0.050909   0.123169   1.000000   0.193872  -0.033467  -0.088080  -0.023918  -0.025248  -0.006882   0.005229  -0.019136   0.008712   0.033185  -0.025074  -0.025396 
  642   688  -0.009802  -0.063429  -0.026107   0.045484   0.009410  -0.018949  -0.040425  -0.015710   0.035518  -0.026622  -0.052793   0.009110  -0.008937   0.002575   0.002293   0.001418  -0.019245  -0.062653   0.193872   1.000000   0.257119  -0.013413   0.001145  -0.006049  -0.002216  -0.006738  -0.017484  -0.005654   0.015663  -0.037212   0.014044 
  688   736  -0.020236  -0.045157   0.020062   0.056961   0.001796  -0.009893  -0.010984  -0.019337   0.003397   0.013398   0.025027  -0.009959   0.030531  -0.023916   0.038532   0.043541  -0.014079   0.035585  -0.033467   0.257119   1.000000   0.249678  -0.039601   0.019084  -0.016050  -0.041007  -0.010720  -0.030239   0.018192   0.027761   0.009356 
  736   786  -0.011652  -0.017046   0.030978   0.009879  -0.016088  -0.009594   0.001299   0.017848  -0.051500   0.044776  -0.001519   0.025579  -0.043527  -0.071123  -0.042654   0.019591  -0.008903   0.003473  -0.088080  -0.013413   0.249678   1.000000   0.312860  -0.015081  -0.029160   0.008563  -0.015699   0.004683   0.000003  -0.020215   0.011621 
  786   838  -0.027169  -0.022274   0.013968   0.032324   0.003037  -0.022974  -0.009350   0.052742   0.038707   0.034621  -0.048517  -0.007795   0.019554  -0.055811  -0.009675  -0.026099  -0.011638  -0.079162  -0.023918   0.001145  -0.039601   0.312860   1.000000   0.289689  -0.004642   0.002263  -0.013964   0.025391   0.023004   0.008691   0.017171 
  838   894   0.042350   0.056583  -0.008113  -0.032946  -0.033107   0.037872   0.026866  -0.020850  -0.010538   0.016072   0.015026  -0.002789  -0.003109   0.015356   0.048360  -0.025899  -0.001043  -0.016293  -0.025248  -0.006049   0.019084  -0.015081   0.289689   1.000000   0.348169  -0.008644  -0.054242   0.026174   0.064353   0.042132  -0.048947 
  894   952  -0.014703   0.027457  -0.019852  -0.022264  -0.013010  -0.032397   0.007689   0.001764   0.012693  -0.004493  -0.007107   0.038244  -0.037049   0.000158   0.028917   0.008355  -0.011076   0.033514  -0.006882  -0.002216  -0.016050  -0.029160  -0.004642   0.348169   1.000000   0.408494   0.024792   0.003274   0.023187  -0.025074  -0.010470 
  952  1012  -0.046420  -0.020816  -0.038891  -0.073474   0.024252  -0.006853   0.032695   0.054419   0.011399   0.042431  -0.000926  -0.009104  -0.005433  -0.019145   0.024299   0.002499   0.004230   0.018761   0.005229  -0.006738  -0.041007   0.008563   0.002263  -0.008644   0.408494   1.000000   0.389815   0.004181  -0.009209  -0.062736  -0.019335 
 1012  1076   0.009522  -0.013644  -0.070785  -0.032039   0.016514  -0.009493   0.002823   0.023550   0.022417   0.000004  -0.031530   0.025189   0.045115   0.027930   0.018042  -0.024993   0.025661  -0.032607  -0.019136  -0.017484  -0.010720  -0.015699  -0.013964  -0.054242   0.024792   0.389815   1.000000   0.371680   0.013446  -0.021830  -0.017507 
 1076  1162   0.049297   0.020202   0.009424   0.000383  -0.008882   0.056549   0.011625  -0.057277  -0.027795  -0.008642  -0.008645   0.015096   0.021423   0.011454   0.061328  -0.045258  -0.016040  -0.001288   0.008712  -0.005654  -0.030239   0.004683   0.025391   0.026174   0.003274   0.004181   0.371680   1.000000   0.250762   0.025382   0.000080 
 1162  1310   0.014862  -0.004433   0.000351  -0.044146  -0.025043   0.022860   0.048113  -0.015568  -0.007850   0.004847  -0.016033  -0.020522   0.012936   0.002643   0.023800  -0.032806   0.000477  -0.013936   0.033185   0.015663   0.018192   0.000003   0.023004   0.064353   0.023187  -0.009209   0.013446   0.250762   1.000000   0.169996   0.015583 
 1310  1530   0.049513   0.054998   0.071549   0.014374  -0.036087  -0.062897   0.027165   0.000727   0.016482   0.036228   0.030886  -0.025382   0.047246   0.048496   0.001756  -0.037949  -0.020510   0.003717  -0.025074  -0.037212   0.027761  -0.020215   0.008691   0.042132  -0.025074  -0.062736  -0.021830   0.025382   0.169996   1.000000   0.138798 
 1530  1992   0.050844   0.033238   0.065684   0.016918  -0.017333  -0.030451   0.051435   0.037084  -0.004030  -0.054094  -0.037548   0.009102   0.023854  -0.033955   0.005900   0.027792  -0.014437   0.022940  -0.025396   0.014044   0.009356   0.011621   0.017171  -0.048947  -0.010470  -0.019335  -0.017507   0.000080   0.015583   0.138798   1.000000 

